[[4 0 0 2]
 [0 0 0 0]
 [0 0 0 0]
 [0 0 0 0]]
Up

[[0 0 0 0]
 [0 0 0 0]
 [0 0 0 4]
 [4 0 0 2]]
Down

[[4 0 0 4]
 [0 0 0 2]
 [0 0 0 0]
 [0 0 0 2]]
Up

[[8 0 0 0]
 [2 0 0 0]
 [0 0 0 2]
 [2 0 0 0]]
Left

[[8 0 0 2]
 [4 0 4 0]
 [0 0 0 0]
 [0 0 0 0]]
Up

[[0 0 0 0]
 [0 0 0 0]
 [8 0 2 0]
 [4 0 4 2]]
Down

[[8 0 2 2]
 [4 0 4 0]
 [0 0 0 2]
 [0 0 0 0]]
Up

[[8 4 2 0]
 [8 0 0 0]
 [2 0 0 0]
 [0 0 0 0]]
Left

[[2 8 4 2]
 [0 0 0 8]
 [0 0 0 2]
 [0 0 0 0]]
Right

[[0 0 0 0]
 [0 0 0 2]
 [0 2 0 8]
 [2 8 4 2]]
Down

[[2 2 4 2]
 [0 8 0 8]
 [0 0 2 2]
 [0 0 0 0]]
Up

[[0 0 0 2]
 [0 0 0 2]
 [0 2 4 8]
 [2 8 2 2]]
Down

[[2 2 4 4]
 [2 8 2 8]
 [0 0 0 2]
 [0 0 0 0]]
Up

[[0 0 0 0]
 [0 2 0 4]
 [0 2 4 8]
 [4 8 2 2]]
Down

[[4 4 4 4]
 [0 8 2 8]
 [0 0 0 2]
 [0 0 2 0]]
Up

[[0 0 0 4]
 [0 0 0 4]
 [0 4 4 8]
 [4 8 4 2]]
Down

[[4 4 8 8]
 [0 8 0 8]
 [0 4 0 2]
 [0 0 0 0]]
Up

[[ 0  0  0  0]
 [ 0  4  0  2]
 [ 0  8  0 16]
 [ 4  4  8  2]]
Down

[[ 4  4  8  2]
 [ 0  8  0 16]
 [ 0  4  0  2]
 [ 0  2  0  0]]
Up

[[ 0  4  0  2]
 [ 0  8  0  2]
 [ 0  4  0 16]
 [ 4  2  8  2]]
Down

[[ 4  4  8  4]
 [ 0  8  0 16]
 [ 0  4  0  2]
 [ 0  2  2  0]]
Up

[[ 0  4  0  0]
 [ 2  8  0  4]
 [ 0  4  8 16]
 [ 4  2  2  2]]
Down

[[ 2  4  8  4]
 [ 4  8  2 16]
 [ 0  4  0  2]
 [ 0  2  2  0]]
Up

[[ 2  4  8  4]
 [ 4  8  2 16]
 [ 0  0  4  2]
 [ 0  0  4  4]]
Right

[[ 0  0  0  4]
 [ 2  0  8 16]
 [ 2  4  2  2]
 [ 4  8  8  4]]
Down

[[ 4  4  8  4]
 [ 4  8  2 16]
 [ 0  0  8  2]
 [ 2  0  0  4]]
Up

[[ 0  8  8  4]
 [ 4  8  2 16]
 [ 0  2  8  2]
 [ 0  0  2  4]]
Right

[[16  4  0  2]
 [ 4  8  2 16]
 [ 2  8  2  0]
 [ 2  4  0  0]]
Left

[[ 0 16  4  2]
 [ 4  8  2 16]
 [ 2  2  8  2]
 [ 0  0  2  4]]
Right

[[16  4  2  2]
 [ 4  8  2 16]
 [ 4  8  2  0]
 [ 2  4  0  0]]
Left

[[ 0 16  4  4]
 [ 4  8  2 16]
 [ 2  4  8  2]
 [ 0  0  2  4]]
Right

[[ 4 16  4  4]
 [ 2  8  2 16]
 [ 0  4  8  2]
 [ 0  2  2  4]]
Up

[[ 0 16  4  4]
 [ 2  8  2 16]
 [ 4  4  8  2]
 [ 2  2  2  4]]
Down

[[ 2 16  4  4]
 [ 4  8  2 16]
 [ 2  4  8  2]
 [ 2  2  2  4]]
Up

[[ 0  2 16  8]
 [ 4  8  2 16]
 [ 2  4  8  2]
 [ 2  2  4  4]]
Right

[[ 4  2 16  8]
 [ 4  8  2 16]
 [ 0  4  8  2]
 [ 2  2  4  4]]
Up

[[ 4  2 16  8]
 [ 4  8  2 16]
 [ 0  4  8  2]
 [ 2  0  4  8]]
Right

[[ 4  2 16  8]
 [ 4  8  2 16]
 [ 0  4  8  2]
 [ 2  2  4  8]]
Right

[[ 4  2 16  8]
 [ 4  8  2 16]
 [ 2  4  8  2]
 [ 0  4  4  8]]
Right

[[ 8  2 16  8]
 [ 2  8  2 16]
 [ 0  8  8  2]
 [ 0  2  4  8]]
Up

[[ 8  2 16  8]
 [ 2  8  2 16]
 [16  2  2  0]
 [ 2  4  8  0]]
Left

[[ 8  2 16  8]
 [ 2  8  2 16]
 [ 0  0 16  4]
 [ 2  2  4  8]]
Right

[[ 8  2 16  8]
 [ 2  8  2 16]
 [16  4  0  0]
 [ 4  4  8  2]]
Left

[[ 8  2 16  8]
 [ 2  8  2 16]
 [16  8  8  2]
 [ 4  4  0  0]]
Up

[[ 8  2 16  8]
 [ 2  8  2 16]
 [ 0 16 16  2]
 [ 2  0  0  8]]
Right

[[ 8  2 16  8]
 [ 2  8  2 16]
 [32  2  0  0]
 [ 2  8  0  2]]
Left

[[ 8  2 16  8]
 [ 2  8  2 16]
 [ 0  0 32  2]
 [ 2  2  8  2]]
Right

[[ 8  2 16  8]
 [ 4  8  2 16]
 [ 4  2 32  4]
 [ 0  0  8  0]]
Up

[[ 0  2 16  0]
 [ 0  2  2  8]
 [ 8  8 32 16]
 [ 8  2  8  4]]
Down

[[ 2 16  0  2]
 [ 4  8  0  0]
 [16 32 16  0]
 [ 8  2  8  4]]
Left

[[ 0  2 16  2]
 [ 0  0  4  8]
 [ 4 16 32 16]
 [ 8  2  8  4]]
Right

[[ 2 16  2  0]
 [ 4  8  0  2]
 [ 4 16 32 16]
 [ 8  2  8  4]]
Left

[[ 2 16  2  2]
 [ 8  8 32 16]
 [ 8 16  8  4]
 [ 0  2  0  2]]
Up

[[ 2 16  4  0]
 [16 32 16  2]
 [ 8 16  8  4]
 [ 4  0  0  0]]
Left

[[ 0  2 16  4]
 [16 32 16  2]
 [ 8 16  8  4]
 [ 0  0  2  4]]
Right

[[ 2 16  4  0]
 [16 32 16  2]
 [ 8 16  8  4]
 [ 2  4  0  2]]
Left

[[ 0  2 16  4]
 [16 32 16  2]
 [ 8 16  8  4]
 [ 4  2  4  2]]
Right

[[ 2 16  4  2]
 [16 32 16  2]
 [ 8 16  8  4]
 [ 4  2  4  2]]
Left

[[ 2 16  4  2]
 [16 32 16  4]
 [ 8 16  8  4]
 [ 4  2  4  2]]
Down

[[ 2 16  4  4]
 [16 32 16  2]
 [ 8 16  8  8]
 [ 4  2  4  2]]
Down

[[ 0  2 16  8]
 [16 32 16  2]
 [ 4  8 16 16]
 [ 4  2  4  2]]
Right

[[16  2 32  8]
 [ 8 32 16  2]
 [ 2  8  4 16]
 [ 0  2  0  2]]
Up

[[16  2 32  8]
 [ 8 32 16  2]
 [ 2  8  4 16]
 [ 0  2  0  2]]
Up

[[16  2 32  8]
 [ 8 32 16  2]
 [ 2  8  4 16]
 [ 0  2  0  2]]
Up

[[16  2 32  8]
 [ 8 32 16  2]
 [ 2  8  4 16]
 [ 0  2  0  2]]
Up

[[16  2 32  8]
 [ 8 32 16  2]
 [ 2  8  4 16]
 [ 0  2  0  2]]
Up


-----


[[2 0 0 2]
 [0 4 0 0]
 [0 0 0 0]
 [0 0 0 0]]
Up

[[0 0 0 0]
 [2 0 0 0]
 [0 0 0 0]
 [2 4 0 2]]
Down

[[4 4 0 2]
 [0 0 2 0]
 [0 0 0 0]
 [0 0 0 0]]
Up

[[0 0 0 0]
 [2 0 0 0]
 [0 0 0 0]
 [4 4 2 2]]
Down

[[2 4 2 2]
 [4 0 0 0]
 [0 0 0 0]
 [0 0 2 0]]
Up

[[0 0 0 0]
 [0 0 0 0]
 [2 2 0 0]
 [4 4 4 2]]
Down

[[2 2 4 2]
 [4 4 0 0]
 [0 0 2 0]
 [0 0 0 0]]
Up

[[0 0 0 0]
 [0 0 0 2]
 [2 2 4 0]
 [4 4 2 2]]
Down

[[2 2 4 4]
 [4 4 2 0]
 [0 0 0 0]
 [0 0 0 2]]
Up

[[0 2 0 0]
 [0 0 0 0]
 [2 2 4 4]
 [4 4 2 2]]
Down

[[2 4 4 4]
 [4 4 2 2]
 [0 0 0 0]
 [2 0 0 0]]
Up

[[0 2 4 8]
 [0 2 8 4]
 [0 0 0 0]
 [0 0 0 2]]
Right

[[2 4 8 0]
 [2 8 4 0]
 [0 0 2 0]
 [2 0 0 0]]
Left

[[0 2 4 8]
 [0 2 8 4]
 [0 4 0 2]
 [0 0 0 2]]
Right

[[2 4 8 4]
 [2 8 4 0]
 [4 2 0 0]
 [2 0 0 0]]
Left

[[2 4 8 4]
 [0 2 8 4]
 [0 0 4 2]
 [0 2 0 2]]
Right

[[ 0  0  0  0]
 [ 0  0  2  0]
 [ 0  4 16  8]
 [ 2  4  4  4]]
Down

[[ 2  8  2  8]
 [ 0  4 16  4]
 [ 0  0  4  0]
 [ 0  0  0  0]]
Up

[[ 0  0  2  0]
 [ 0  0  2  0]
 [ 0  8 16  8]
 [ 2  4  4  4]]
Down

[[ 2  8  4  8]
 [ 2  4 16  4]
 [ 0  0  4  0]
 [ 0  0  0  0]]
Up

[[ 0  0  2  0]
 [ 0  0  4  0]
 [ 0  8 16  8]
 [ 4  4  4  4]]
Down

[[ 4  8  2  8]
 [ 0  4  4  4]
 [ 0  0 16  0]
 [ 4  0  4  0]]
Up

[[ 0  0  2  0]
 [ 0  0  4  2]
 [ 0  8 16  8]
 [ 8  4  4  4]]
Down

[[ 2  0  0  0]
 [ 4  2  2  0]
 [ 8 16  8  0]
 [ 8  8  4  0]]
Left

[[ 0  0  0  2]
 [ 2  0  4  4]
 [ 0  8 16  8]
 [ 0  0 16  4]]
Right

[[ 2  0  0  0]
 [ 2  8  0  0]
 [ 8 16  8  2]
 [16  4  0  0]]
Left

[[ 4  8  8  2]
 [ 8 16  0  0]
 [16  4  0  0]
 [ 0  0  2  0]]
Up

[[ 0  4 16  2]
 [ 0  2  8 16]
 [ 0  0 16  4]
 [ 0  0  0  2]]
Right

[[ 4 16  2  0]
 [ 2  8 16  0]
 [16  4  0  0]
 [ 2  2  0  0]]
Left

[[ 0  4 16  2]
 [ 0  2  8 16]
 [ 0  2 16  4]
 [ 0  0  0  4]]
Right

[[ 4 16  2  0]
 [ 2  8 16  0]
 [ 2 16  4  0]
 [ 4  2  0  0]]
Left

[[ 0  4 16  2]
 [ 0  2  8 16]
 [ 0  2 16  4]
 [ 0  2  4  2]]
Right

[[ 4 16  2  0]
 [ 2  8 16  0]
 [ 2 16  4  0]
 [ 2  4  2  2]]
Left

[[ 4 16  2  2]
 [ 4  8 16  2]
 [ 2 16  4  0]
 [ 0  4  2  0]]
Up

[[ 8 16  2  4]
 [ 2  8 16  0]
 [ 0 16  4  2]
 [ 0  4  2  0]]
Up

[[ 8 16  2  4]
 [ 2  8 16  2]
 [16  4  2  0]
 [ 4  2  0  0]]
Left

[[ 8 16  2  4]
 [ 2  8 16  2]
 [ 0 16  4  2]
 [ 0  2  4  2]]
Right

[[ 8 16  2  4]
 [ 2  8 16  2]
 [16  4  2  0]
 [ 2  4  2  2]]
Left

[[ 8 16  2  4]
 [ 2  8 16  4]
 [16  8  4  0]
 [ 2  0  0  2]]
Up

[[ 8 16  2  8]
 [ 2 16 16  2]
 [16  2  4  0]
 [ 2  0  0  0]]
Up

[[ 8 16  2  8]
 [ 0  2 32  2]
 [ 0 16  2  4]
 [ 2  0  0  2]]
Right

[[ 8 16  2  8]
 [ 2 32  2  0]
 [16  2  4  0]
 [ 4  0  0  2]]
Left

[[ 8 16  4  8]
 [ 2 32  4  2]
 [16  2  0  0]
 [ 4  0  2  0]]
Up

[[ 8 16  4  8]
 [ 2 32  4  2]
 [ 0  0 16  2]
 [ 2  0  4  2]]
Right

[[ 8 16  4  8]
 [ 2 32  4  2]
 [16  2  0  0]
 [ 2  4  2  4]]
Left

[[ 8 16  4  8]
 [ 2 32  4  2]
 [ 2  0 16  2]
 [ 2  4  2  4]]
Right

[[ 8 16  8  8]
 [ 4 32 16  4]
 [ 2  4  2  4]
 [ 0  0  0  2]]
Up

[[ 0  2  0  0]
 [ 8 16  8  8]
 [ 4 32 16  8]
 [ 2  4  2  2]]
Down

[[ 8  2  8 16]
 [ 4 16 16  2]
 [ 2 32  2  0]
 [ 2  4  0  0]]
Up

[[ 8  2  8 16]
 [ 0  4 32  2]
 [ 0  2 32  2]
 [ 4  0  2  4]]
Right

[[ 8  2  8 16]
 [ 4 32  2  0]
 [ 2 32  2  2]
 [ 4  2  4  0]]
Left

[[ 8  2  8 16]
 [ 0  4 32  2]
 [ 0  2 32  4]
 [ 2  4  2  4]]
Right

[[ 8  2  8 16]
 [ 4 32  2  0]
 [ 2 32  4  2]
 [ 2  4  2  4]]
Left

[[ 8  2  8 16]
 [ 4 64  2  2]
 [ 4  4  4  4]
 [ 0  0  2  2]]
Up

[[ 8  2  8 16]
 [ 4 64  4  0]
 [ 8  8  2  0]
 [ 4  0  0  0]]
Left

[[ 8  2  8 16]
 [ 2  4 64  4]
 [ 0  0 16  2]
 [ 0  0  0  4]]
Right

[[ 8  2  8 16]
 [ 2  4 64  4]
 [16  2  2  0]
 [ 4  0  0  0]]
Left

[[ 8  0  2  0]
 [ 2  2  8  0]
 [16  4 64 16]
 [ 4  2  2  4]]
Down

[[ 8  2  2 16]
 [ 2  4  8  4]
 [16  2 64  0]
 [ 4  0  2  2]]
Up

[[ 8  4 16  2]
 [ 2  4  8  4]
 [16  2 64  0]
 [ 4  4  0  0]]
Left

[[ 8  0  0  2]
 [ 2  8 16  0]
 [16  2  8  2]
 [ 4  4 64  4]]
Down

[[ 8  2  0  2]
 [ 2  8 16  0]
 [16  2  8  2]
 [ 8 64  4  0]]
Left

[[ 8  4  0  2]
 [ 2  8 16  0]
 [16  2  8  2]
 [ 8 64  4  0]]
Left

[[ 8  4  0  0]
 [ 2  8 16  2]
 [16  2  8  0]
 [ 8 64  4  4]]
Down

[[ 8  4  0  2]
 [ 2  8 16  0]
 [16  2  8  2]
 [ 8 64  4  4]]
Down

[[ 8  4  2  0]
 [ 2  8 16  2]
 [16  2  8  2]
 [ 8 64  8  0]]
Left

[[ 8  4  0  2]
 [ 2  8  2  0]
 [16  2 16  0]
 [ 8 64 16  4]]
Down

[[ 8  4  0  0]
 [ 2  8  2  0]
 [16  2  2  2]
 [ 8 64 32  4]]
Down

[[ 0  0  8  4]
 [ 0  2  8  2]
 [ 2 16  2  4]
 [ 8 64 32  4]]
Right

[[ 8  4  0  2]
 [ 2  8  2  0]
 [ 2 16  2  4]
 [ 8 64 32  4]]
Left

[[ 4  4  0  0]
 [ 8  8  0  0]
 [ 4 16  4  2]
 [ 8 64 32  8]]
Down

[[ 0  2  0  8]
 [ 0  0  0 16]
 [ 4 16  4  2]
 [ 8 64 32  8]]
Right

[[ 2  8  0  0]
 [16  0  0  2]
 [ 4 16  4  2]
 [ 8 64 32  8]]
Left

[[ 2  8  4  4]
 [16 16 32  8]
 [ 4 64  0  2]
 [ 8  0  0  0]]
Up

[[ 2  0  0  0]
 [16  8  2  4]
 [ 4 16  4  8]
 [ 8 64 32  2]]
Down

[[ 2  8  2  4]
 [16 16  4  8]
 [ 4 64 32  2]
 [ 8  2  0  0]]
Up

[[ 2  8  2  4]
 [ 0 32  4  8]
 [ 4 64 32  2]
 [ 2  0  8  2]]
Right

[[ 2  8  2  4]
 [ 4 32  4  8]
 [ 2 64 32  4]
 [ 0  2  8  0]]
Up

[[ 2  8  2  0]
 [ 2 32  4  4]
 [ 4 64 32  8]
 [ 2  2  8  4]]
Down

[[ 4  8  2  4]
 [ 4 32  4  8]
 [ 2 64 32  4]
 [ 0  2  8  2]]
Up

[[ 4  8  2  4]
 [ 4 32  4  8]
 [ 2 64 32  4]
 [ 2  8  2  2]]
Left

[[ 8  8  2  4]
 [ 4 32  4  8]
 [ 0 64 32  4]
 [ 2  8  2  2]]
Up

[[16  2  4  0]
 [ 4 32  4  8]
 [64 32  4  2]
 [ 2  8  4  0]]
Left

[[16  2  8  8]
 [ 4 64  8  2]
 [64  8  0  0]
 [ 2  2  0  0]]
Up

[[ 0 16  2 16]
 [ 4 64  8  2]
 [ 2  0 64  8]
 [ 0  0  0  4]]
Right

[[16  2 16  0]
 [ 4 64  8  2]
 [ 2 64  8  0]
 [ 4  0  0  2]]
Left

[[ 16   2  16   4]
 [  4 128  16   0]
 [  2   0   0   0]
 [  4   4   0   0]]
Up

[[ 16   2  16   4]
 [  0   4 128  16]
 [  2   0   0   2]
 [  0   0   0   8]]
Right

[[ 16   2  16   4]
 [  4 128  16   0]
 [  4   0   0   0]
 [  8   0   2   0]]
Left

[[ 16   2  16   4]
 [  0   4 128  16]
 [  0   2   0   4]
 [  0   0   8   2]]
Right

[[ 16   2  16   4]
 [  4 128  16   0]
 [  2   4   0   0]
 [  8   2   0   2]]
Left

[[ 16   2  16   4]
 [  0   4 128  16]
 [  0   2   2   4]
 [  0   0   8   4]]
Right

[[ 16   2  16   4]
 [  4 128  16   2]
 [  4   4   0   0]
 [  8   4   0   0]]
Left

[[ 16   2  16   4]
 [  4 128  16   2]
 [  0   2   0   8]
 [  0   0   8   4]]
Right

[[ 16   2  16   4]
 [  4 128  16   2]
 [  2   8   2   0]
 [  8   4   0   0]]
Left

[[ 16   2  16   4]
 [  4 128  16   2]
 [  0   2   8   2]
 [  0   2   8   4]]
Right

[[ 16   2  16   4]
 [  4 128  16   2]
 [  2   8   2   2]
 [  2   8   4   0]]
Left

[[ 16   2  32   4]
 [  4 128   2   4]
 [  4  16   4   0]
 [  0   0   0   2]]
Up

[[ 16   2  32   8]
 [  8 128   2   2]
 [  4  16   4   0]
 [  0   0   0   0]]
Up

[[ 16   2  32   8]
 [  0   8 128   4]
 [  0   4  16   4]
 [  0   0   2   0]]
Right

[[ 16   2  32   8]
 [  8 128   4   0]
 [  4  16   4   2]
 [  2   0   0   0]]
Left

[[ 16   2  32   8]
 [  0   8 128   4]
 [  4  16   4   2]
 [  0   0   2   2]]
Right

[[ 16   2  32   8]
 [  8 128   4   0]
 [  4  16   4   2]
 [  4   0   2   0]]
Left

[[ 16   2  32   8]
 [  0   8 128   4]
 [  4  16   4   2]
 [  0   2   4   2]]
Right

[[ 16   2  32   8]
 [  8 128   4   2]
 [  4  16   4   2]
 [  2   4   2   0]]
Left

[[ 16   2  32   8]
 [  8 128   8   4]
 [  4  16   2   0]
 [  2   4   0   2]]
Up

[[ 16   2  32   8]
 [  8 128   8   4]
 [  0   4  16   2]
 [  2   2   4   2]]
Right

[[ 16   2  32   8]
 [  8 128   8   4]
 [  2   4  16   4]
 [  0   2   4   2]]
Up

[[ 16   2  32   8]
 [  8 128   8   4]
 [  2   4  16   4]
 [  2   4   2   2]]
Left

[[ 16   2  32   8]
 [  8 128   8   8]
 [  4   8  16   2]
 [  0   2   2   0]]
Up

[[ 16   2  32   8]
 [  0   8 128  16]
 [  4   8  16   2]
 [  0   0   4   4]]
Right

[[ 16   2  32   8]
 [  8 128  16   4]
 [  4   8  16   2]
 [  8   0   0   0]]
Left

[[ 16   2  32   8]
 [  8 128  16   4]
 [  4   8  16   2]
 [  0   0   2   8]]
Right

[[ 16   2  32   8]
 [  8 128  16   4]
 [  4   8  16   2]
 [  2   8   2   0]]
Left

[[ 16   2  32   8]
 [  8 128  32   4]
 [  4  16   2   2]
 [  2   0   2   0]]
Up

[[ 16   2  32   8]
 [  8 128  32   4]
 [  0   4  16   4]
 [  2   0   0   4]]
Right

[[ 16   2  32   8]
 [  8 128  32   4]
 [  4  16   4   2]
 [  2   4   0   0]]
Left

[[ 16   2  64   8]
 [  8 128   4   4]
 [  4  16   0   2]
 [  2   4   4   0]]
Up

[[ 16   2  64   8]
 [  0   8 128   8]
 [  0   4  16   2]
 [  2   0   2   8]]
Right

[[ 16   2  64   8]
 [  8 128   8   0]
 [  4  16   2   0]
 [  4   8   2   0]]
Left

[[ 16   2  64   8]
 [  0   8 128   8]
 [  2   4  16   2]
 [  0   4   8   2]]
Right

[[ 16   2  64  16]
 [  2   8 128   4]
 [  0   8  16   0]
 [  0   0   8   2]]
Up

[[ 16   2  64  16]
 [  2   8 128   4]
 [  8  16   0   2]
 [  8   2   0   0]]
Left

[[ 16   2  64  16]
 [  2   8 128   4]
 [  0   8  16   2]
 [  0   2   8   2]]
Right

[[ 16   2  64  16]
 [  2  16 128   4]
 [  2   2  16   4]
 [  0   0   8   0]]
Up

[[  0   0  64   0]
 [  2   2 128   0]
 [ 16  16  16  16]
 [  4   2   8   8]]
Down

[[  2   2  64  16]
 [ 16  16 128   8]
 [  4   2  16   0]
 [  2   0   8   0]]
Up

[[  0   4  64  16]
 [  2  32 128   8]
 [  0   4   2  16]
 [  0   0   2   8]]
Right

[[  2   0   0  16]
 [  0   4  64   8]
 [  0  32 128  16]
 [  2   4   4   8]]
Down

[[  2  16   0   0]
 [  4  64   8   2]
 [ 32 128  16   0]
 [  2   8   8   0]]
Left

[[  0   0   2  16]
 [  4  64   8   2]
 [  0  32 128  16]
 [  2   0   2  16]]
Right

[[  4  64   2  16]
 [  2  32   8   2]
 [  2   0 128  32]
 [  0   0   2   0]]
Up

[[  4  64   2  16]
 [  2  32   8   2]
 [  2   2 128  32]
 [  0   0   0   2]]
Right

[[  0   2   0  16]
 [  0  64   2   2]
 [  4  32   8  32]
 [  4   2 128   2]]
Down

[[  0   2   2  16]
 [  0   0  64   4]
 [  4  32   8  32]
 [  4   2 128   2]]
Right

[[  4  16   0   0]
 [ 64   4   0   2]
 [  4  32   8  32]
 [  4   2 128   2]]
Left

[[  2   0   4  16]
 [  0  64   4   2]
 [  4  32   8  32]
 [  4   2 128   2]]
Right

[[  2   2   4  16]
 [  0  64   4   2]
 [  4  32   8  32]
 [  4   2 128   2]]
Right

[[  0   4   4  16]
 [  2  64   4   2]
 [  4  32   8  32]
 [  4   2 128   2]]
Right

[[  4   0   8  16]
 [  2  64   4   2]
 [  4  32   8  32]
 [  4   2 128   2]]
Right

[[  2   4   8  16]
 [  2  64   4   2]
 [  4  32   8  32]
 [  4   2 128   2]]
Right

[[  2   4   8  16]
 [  2  64   4   2]
 [  4  32   8  32]
 [  4   2 128   2]]
Right

[[  2   4   8  16]
 [  2  64   4   2]
 [  4  32   8  32]
 [  4   2 128   2]]
Right

[[  2   4   8  16]
 [  2  64   4   2]
 [  4  32   8  32]
 [  4   2 128   2]]
Right

[[  2   4   8  16]
 [  2  64   4   2]
 [  4  32   8  32]
 [  4   2 128   2]]
Right


-----


[[0 0 0 0]
 [0 2 0 0]
 [0 0 0 0]
 [0 4 0 0]]
Down

[[0 2 0 0]
 [0 4 0 0]
 [0 0 2 0]
 [0 0 0 0]]
Up

[[0 0 0 0]
 [0 0 0 0]
 [0 2 0 0]
 [2 4 2 0]]
Down

[[2 2 2 2]
 [0 4 0 0]
 [0 0 0 0]
 [0 0 0 0]]
Up

[[0 0 0 2]
 [0 0 0 0]
 [0 2 0 0]
 [2 4 2 2]]
Down

[[2 2 2 4]
 [0 4 0 0]
 [0 0 0 2]
 [0 0 0 0]]
Up

[[0 0 0 0]
 [0 0 2 0]
 [0 2 0 4]
 [2 4 2 2]]
Down

[[2 2 4 4]
 [0 4 0 2]
 [0 0 0 0]
 [2 0 0 0]]
Up

[[0 0 0 0]
 [0 0 0 0]
 [0 2 2 4]
 [4 4 4 2]]
Down

[[4 2 2 4]
 [0 4 4 2]
 [0 0 0 0]
 [0 0 0 2]]
Up

[[4 4 4 2]
 [8 2 0 0]
 [0 0 0 0]
 [2 0 0 0]]
Left

[[0 4 8 2]
 [2 0 8 2]
 [0 0 0 0]
 [0 0 0 2]]
Right

[[4 8 2 0]
 [2 8 2 0]
 [0 0 0 0]
 [2 2 0 0]]
Left

[[0 4 8 2]
 [0 2 8 2]
 [0 0 0 0]
 [0 0 2 4]]
Right

[[4 8 2 0]
 [2 8 2 0]
 [0 0 0 0]
 [2 4 0 2]]
Left

[[ 4 16  4  2]
 [ 4  4  0  0]
 [ 0  0  0  0]
 [ 0  0  0  2]]
Up

[[ 0  0  0  0]
 [ 0  0  0  2]
 [ 0 16  0  0]
 [ 8  4  4  4]]
Down

[[ 8 16  4  2]
 [ 0  4  2  4]
 [ 0  0  0  0]
 [ 0  0  0  0]]
Up

[[ 0  0  0  0]
 [ 2  0  0  0]
 [ 0 16  4  2]
 [ 8  4  2  4]]
Down

[[ 2 16  4  2]
 [ 8  4  2  4]
 [ 0  0  0  0]
 [ 0  0  0  2]]
Up

[[ 0  0  0  0]
 [ 2  0  0  2]
 [ 2 16  4  4]
 [ 8  4  2  2]]
Down

[[ 4 16  4  2]
 [ 8  4  2  4]
 [ 0  0  0  2]
 [ 0  2  0  0]]
Up

[[ 0  0  0  0]
 [ 2 16  0  2]
 [ 4  4  4  4]
 [ 8  2  2  2]]
Down

[[ 2 16  4  2]
 [ 4  4  2  4]
 [ 8  2  0  2]
 [ 0  2  0  0]]
Up

[[ 0  0  2  0]
 [ 2 16  0  2]
 [ 4  4  4  4]
 [ 8  4  2  2]]
Down

[[ 2 16  2  2]
 [ 4  8  4  4]
 [ 8  0  2  2]
 [ 0  0  0  2]]
Up

[[ 0  0  2  0]
 [ 2  0  2  2]
 [ 4 16  4  4]
 [ 8  8  2  4]]
Down

[[ 2 16  4  2]
 [ 4  8  4  8]
 [ 8  0  2  0]
 [ 2  0  0  0]]
Up

[[ 2  0  0  0]
 [ 4  0  2  0]
 [ 8 16  8  2]
 [ 2  8  2  8]]
Down

[[ 2 16  2  2]
 [ 4  8  8  8]
 [ 8  0  2  0]
 [ 2  2  0  0]]
Up

[[ 0  2 16  4]
 [ 0  4  8 16]
 [ 0  2  8  2]
 [ 0  0  0  4]]
Right

[[ 2 16  4  2]
 [ 4  8 16  0]
 [ 2  8  2  0]
 [ 4  0  0  0]]
Left

[[ 2 16  4  2]
 [ 0  4  8 16]
 [ 2  2  8  2]
 [ 0  0  0  4]]
Right

[[ 0  0  0  2]
 [ 0 16  0 16]
 [ 2  4  4  2]
 [ 4  2 16  4]]
Down

[[ 2 16  4  2]
 [ 4  4 16 16]
 [ 0  2  0  2]
 [ 0  2  0  4]]
Up

[[ 0  0  0  2]
 [ 0 16  2 16]
 [ 2  4  4  2]
 [ 4  4 16  4]]
Down

[[ 2 16  2  2]
 [ 4  8  4 16]
 [ 0  0 16  2]
 [ 0  2  0  4]]
Up

[[ 2 16  4  0]
 [ 4  8  4 16]
 [16  2  0  2]
 [ 2  4  0  0]]
Left

[[ 0  2 16  4]
 [ 4  8  4 16]
 [ 0  2 16  4]
 [ 0  0  2  4]]
Right

[[ 2 16  4  2]
 [ 4  8  4 16]
 [ 2 16  4  0]
 [ 2  4  0  0]]
Left

[[ 2 16  4  2]
 [ 4  8  4 16]
 [ 2  2 16  4]
 [ 0  0  2  4]]
Right

[[ 2  0  0  0]
 [ 2 16  8  2]
 [ 4  8 16 16]
 [ 2  2  2  8]]
Down

[[ 0  2  0  2]
 [ 2 16  8  2]
 [ 0  4  8 32]
 [ 0  2  4  8]]
Right

[[ 4  0  0  2]
 [ 2 16  8  2]
 [ 4  8 32  0]
 [ 2  4  8  0]]
Left

[[ 4 16  8  4]
 [ 2  8 32  0]
 [ 4  4  8  0]
 [ 2  0  2  0]]
Up

[[ 4 16  8  4]
 [ 0  2  8 32]
 [ 0  0  8  8]
 [ 4  0  0  4]]
Right

[[ 4 16  8  4]
 [ 2  8 32  2]
 [16  0  0  0]
 [ 8  0  0  0]]
Left

[[ 4  0  0  0]
 [ 2  2  0  0]
 [16 16  8  4]
 [ 8  8 32  2]]
Down

[[ 4  2  8  4]
 [ 2 16 32  2]
 [16  8  0  0]
 [ 8  2  0  0]]
Up

[[ 4  2  8  4]
 [ 2 16 32  2]
 [ 0  0 16  8]
 [ 0  2  8  2]]
Right

[[ 4  2  8  4]
 [ 2 16 32  2]
 [16  8  0  0]
 [ 2  8  2  2]]
Left

[[ 4  2  8  4]
 [ 2 16 32  4]
 [16 16  2  0]
 [ 2  0  2  0]]
Up

[[ 4  2  8  4]
 [ 2 16 32  4]
 [ 0  0 32  2]
 [ 2  0  0  4]]
Right

[[ 4  2  8  4]
 [ 2 16 32  4]
 [32  2  0  0]
 [ 2  4  0  2]]
Left

[[ 4  2  8  4]
 [ 2 16 32  4]
 [ 2  0 32  2]
 [ 0  2  4  2]]
Right

[[ 4  2  8  4]
 [ 2 16 32  4]
 [ 2 32  2  2]
 [ 2  4  2  0]]
Left

[[ 4  2  8  4]
 [ 2 16 32  4]
 [ 0  2 32  4]
 [ 2  2  4  2]]
Right

[[ 4  2  8  4]
 [ 2 16 32  4]
 [ 2 32  4  2]
 [ 4  4  2  0]]
Left

[[ 4  2  8  8]
 [ 4 16 32  2]
 [ 4 32  4  0]
 [ 4  4  2  0]]
Up

[[ 0  4  2 16]
 [ 4 16 32  2]
 [ 2  4 32  4]
 [ 0  0  8  2]]
Right

[[ 4  4  2 16]
 [ 2 16 64  2]
 [ 0  4  8  4]
 [ 0  2  0  2]]
Up

[[ 0  4  2 16]
 [ 0 16  2  2]
 [ 4  4 64  4]
 [ 2  2  8  2]]
Down

[[ 4  4  4 16]
 [ 2 16 64  2]
 [ 0  4  8  4]
 [ 2  2  0  2]]
Up

[[ 2  4  8 16]
 [ 2 16 64  2]
 [ 0  4  8  4]
 [ 0  0  2  4]]
Right

[[ 0  0  8  0]
 [ 2  4 64 16]
 [ 0 16  8  2]
 [ 4  4  2  8]]
Down

[[ 8  0  0  2]
 [ 2  4 64 16]
 [16  8  2  0]
 [ 8  2  8  0]]
Left

[[ 8  2  0  0]
 [ 2  4 64  0]
 [16  8  2  2]
 [ 8  2  8 16]]
Down

[[ 0  4  8  2]
 [ 0  2  4 64]
 [ 0 16  8  4]
 [ 8  2  8 16]]
Right

[[ 4  8  2  4]
 [ 2  4 64  0]
 [16  8  4  0]
 [ 8  2  8 16]]
Left

[[ 4  8  2  4]
 [ 2  2  4 64]
 [ 0 16  8  4]
 [ 8  2  8 16]]
Right

[[ 4  8  2  4]
 [ 2  2  4 64]
 [ 8 16 16  4]
 [ 0  2  2 16]]
Up

[[ 4  8  2  4]
 [ 4  4 64  0]
 [ 8 32  4  0]
 [ 4 16  0  2]]
Left

[[ 8  8  2  4]
 [ 8  4 64  2]
 [ 4 32  4  2]
 [ 0 16  0  0]]
Up

[[16  2  4  0]
 [ 8  4 64  2]
 [ 4 32  4  2]
 [16  2  0  0]]
Left

[[ 0 16  2  4]
 [ 8  4 64  2]
 [ 4 32  4  2]
 [ 0  4 16  2]]
Right

[[16  2  4  0]
 [ 8  4 64  2]
 [ 4 32  4  2]
 [ 4 16  2  2]]
Left

[[16  2  4  4]
 [ 8  4 64  2]
 [ 8 32  4  0]
 [ 0 16  2  2]]
Up

[[16  2  8  0]
 [ 8  4 64  2]
 [ 8 32  4  0]
 [16  4  0  2]]
Left

[[16  2  8  4]
 [16  4 64  2]
 [16 32  4  0]
 [ 0  4  0  0]]
Up

[[ 0  2  2  0]
 [ 0  4  8  0]
 [16 32 64  4]
 [32  4  4  2]]
Down

[[ 4  0  0  0]
 [ 4  8  2  0]
 [16 32 64  4]
 [32  8  2  0]]
Left

[[ 0  0  2  4]
 [ 0  4  8  2]
 [16 32 64  4]
 [ 0 32  8  2]]
Right

[[ 2  4  0  0]
 [ 4  8  2  0]
 [16 32 64  4]
 [32  8  2  2]]
Left

[[ 0  0  2  4]
 [ 2  4  8  2]
 [16 32 64  4]
 [ 0 32  8  4]]
Right

[[ 2  4  0  0]
 [ 2  4  8  2]
 [16 32 64  4]
 [32  8  4  2]]
Left

[[ 0  0  0  2]
 [ 4  8  8  2]
 [16 32 64  4]
 [32  8  4  2]]
Down

[[ 2  0  0  0]
 [ 4 16  2  4]
 [16 32 64  4]
 [32  8  4  2]]
Left

[[ 2 16  2  8]
 [ 4 32 64  2]
 [16  8  4  2]
 [32  0  0  0]]
Up

[[ 2  2  0  0]
 [ 4 16  2  0]
 [16 32 64  8]
 [32  8  4  4]]
Down

[[ 0  0  0  4]
 [ 2  4 16  2]
 [16 32 64  8]
 [ 0 32  8  8]]
Right

[[ 2  4 16  4]
 [16 64 64  2]
 [ 0  0  8 16]
 [ 0  2  0  0]]
Up

[[ 0  2  0  0]
 [ 0  4 16  4]
 [ 2 64 64  2]
 [16  2  8 16]]
Down

[[ 2  2 16  4]
 [16  4 64  2]
 [ 2 64  8 16]
 [ 0  2  0  0]]
Up

[[ 0  2  0  2]
 [ 2  4 16  4]
 [16 64 64  2]
 [ 2  2  8 16]]
Down

[[ 2  2 16  2]
 [16  4 64  4]
 [ 2 64  8  2]
 [ 2  2  0 16]]
Up

[[ 2  2  0  2]
 [ 2  4 16  4]
 [16 64 64  2]
 [ 4  2  8 16]]
Down

[[ 4  2 16  2]
 [16  4 64  4]
 [ 4 64  8  2]
 [ 0  2  2 16]]
Up

[[ 4  2 16  2]
 [ 4  4 64  4]
 [16 64  8  2]
 [ 4  2  2 16]]
Down

[[ 4  2 16  2]
 [ 4  8 64  4]
 [16 64  8  2]
 [ 0  4  4 16]]
Right

[[ 4  2 16  2]
 [ 4  8 64  4]
 [16 64  8  2]
 [ 8 16  2  0]]
Left

[[ 0  2 16  2]
 [ 8  8 64  2]
 [16 64  8  4]
 [ 8 16  2  2]]
Down

[[ 2 16  2  0]
 [16 64  2  2]
 [16 64  8  4]
 [ 8 16  4  0]]
Left

[[ 2  2 16  2]
 [ 0 16 64  4]
 [16 64  8  4]
 [ 0  8 16  4]]
Right

[[ 4 16  2  0]
 [16 64  4  2]
 [16 64  8  4]
 [ 8 16  4  0]]
Left

[[ 0  4 16  2]
 [16 64  4  2]
 [16 64  8  4]
 [ 2  8 16  4]]
Right

[[ 4 16  2  2]
 [16 64  4  2]
 [16 64  8  4]
 [ 2  8 16  4]]
Left

[[ 4 16  4  2]
 [16 64  4  2]
 [16 64  8  4]
 [ 2  8 16  4]]
Left

[[  0   0   0   0]
 [  4  16   8   2]
 [ 32 128   8   4]
 [  2   8  16   8]]
Down

[[  4  16  16   2]
 [ 32 128  16   4]
 [  2   8   0   8]
 [  2   0   0   0]]
Up

[[  0   4  32   2]
 [ 32 128  16   4]
 [  0   0   2  16]
 [  0   0   4   2]]
Right

[[  4  32   2   0]
 [ 32 128  16   4]
 [  2  16   0   0]
 [  4   2   2   0]]
Left

[[  0   4  32   2]
 [ 32 128  16   4]
 [  0   0   2  16]
 [  4   0   4   4]]
Right

[[  4  32   2   0]
 [ 32 128  16   4]
 [  2  16   2   0]
 [  8   4   0   0]]
Left

[[  0   4  32   2]
 [ 32 128  16   4]
 [  2   2  16   2]
 [  0   0   8   4]]
Right

[[  4  32   2   0]
 [ 32 128  16   4]
 [  4  16   2   2]
 [  8   4   0   0]]
Left

[[  4   4  32   2]
 [ 32 128  16   4]
 [  0   4  16   4]
 [  0   0   8   4]]
Right

[[  8  32   2   2]
 [ 32 128  16   4]
 [  4  16   4   0]
 [  8   4   0   0]]
Left

[[  8  32   4   2]
 [ 32 128  16   4]
 [  4  16   4   0]
 [  8   4   0   0]]
Left

[[  8  32   0   4]
 [ 32 128   4   0]
 [  4  16  16   2]
 [  8   4   4   4]]
Down

[[  8  32   4   0]
 [ 32 128   4   2]
 [  4  32   2   0]
 [  8   8   4   0]]
Left

[[  0   8  32   4]
 [ 32 128   4   2]
 [  0   4  32   2]
 [  0   2  16   4]]
Right

[[  8  32   4   2]
 [ 32 128   4   2]
 [  4  32   2   0]
 [  2  16   4   0]]
Left

[[  8  32   2   0]
 [ 32 128   8   0]
 [  4  32   2   0]
 [  2  16   4   4]]
Down

[[  8  32   2   4]
 [ 32 128   8   0]
 [  4  32   2   0]
 [  2  16   4   4]]
Up

[[  8  32   2   4]
 [ 32 128   8   2]
 [  4  32   2   0]
 [  2  16   8   0]]
Left

[[  8  32   2   4]
 [ 32 128   8   2]
 [  4  32   2   0]
 [  2  16   8   0]]
Up

[[  8  32   2   4]
 [ 32 128   8   2]
 [  4  32   2   0]
 [  2  16   8   0]]
Up

[[  8  32   2   4]
 [ 32 128   8   2]
 [  4  32   2   0]
 [  2  16   8   0]]
Up

[[  8  32   2   4]
 [ 32 128   8   2]
 [  4  32   2   0]
 [  2  16   8   0]]
Up


-----


[[2 2 0 0]
 [2 0 0 0]
 [0 0 0 0]
 [0 0 0 0]]
Left

[[0 2 0 0]
 [0 0 0 0]
 [0 0 0 0]
 [4 2 0 0]]
Down

[[0 0 0 2]
 [2 0 0 0]
 [0 0 0 0]
 [0 0 4 2]]
Right

[[2 0 2 0]
 [2 0 0 0]
 [0 0 0 0]
 [4 2 0 0]]
Left

[[0 0 0 4]
 [0 0 2 2]
 [0 0 0 0]
 [0 0 4 2]]
Right

[[4 0 0 0]
 [4 0 2 0]
 [0 0 0 0]
 [4 2 0 0]]
Left

[[0 0 0 4]
 [0 0 4 2]
 [0 0 2 0]
 [0 0 4 2]]
Right

[[4 0 0 0]
 [4 2 0 0]
 [2 2 0 0]
 [4 2 0 0]]
Left

[[0 0 0 4]
 [0 0 4 2]
 [0 0 4 4]
 [0 0 4 2]]
Right

[[4 0 0 2]
 [4 2 0 0]
 [8 0 0 0]
 [4 2 0 0]]
Left

[[0 0 4 2]
 [0 0 4 2]
 [0 0 0 8]
 [2 0 4 2]]
Right

[[4 2 0 0]
 [4 2 2 0]
 [8 0 0 0]
 [2 4 2 0]]
Left

[[0 0 4 2]
 [0 0 4 4]
 [0 0 0 8]
 [4 2 4 2]]
Right

[[4 2 0 0]
 [8 2 0 0]
 [8 0 0 0]
 [4 2 4 2]]
Left

[[0 0 4 2]
 [0 0 8 2]
 [2 0 0 8]
 [4 2 4 2]]
Right

[[4 2 0 0]
 [8 2 0 2]
 [2 8 0 0]
 [4 2 4 2]]
Left

[[4 4 4 4]
 [8 8 0 0]
 [2 2 0 2]
 [4 0 0 0]]
Up

[[ 2  0  8  8]
 [ 0  0  0 16]
 [ 0  0  2  4]
 [ 0  0  0  4]]
Right

[[ 0  0  2  0]
 [ 0  0  0  8]
 [ 0  0  8 16]
 [ 2  0  2  8]]
Down

[[ 2  2  0  0]
 [ 8  0  0  0]
 [ 8 16  0  0]
 [ 4  8  0  0]]
Left

[[ 0  0  0  4]
 [ 0  0  0  8]
 [ 0  0  8 16]
 [ 0  4  4  8]]
Right

[[ 4  0  0  2]
 [ 8  0  0  0]
 [ 8 16  0  0]
 [ 8  8  0  0]]
Left

[[ 0  0  4  2]
 [ 0  0  2  8]
 [ 0  0  8 16]
 [ 0  0  0 16]]
Right

[[ 4  2  0  0]
 [ 2  8  0  0]
 [ 8 16  0  0]
 [16  2  0  0]]
Left

[[ 0  0  4  2]
 [ 0  2  2  8]
 [ 0  0  8 16]
 [ 0  0 16  2]]
Right

[[ 4  2  0  0]
 [ 4  8  0  0]
 [ 8 16  0  0]
 [16  2  2  0]]
Left

[[ 0  2  4  2]
 [ 0  0  4  8]
 [ 0  0  8 16]
 [ 0  0 16  4]]
Right

[[ 2  4  2  0]
 [ 4  8  0  0]
 [ 8 16  0  0]
 [16  4  2  0]]
Left

[[ 0  2  4  2]
 [ 2  0  4  8]
 [ 0  0  8 16]
 [ 0 16  4  2]]
Right

[[ 2  4  2  0]
 [ 2  4  8  0]
 [ 8 16  0  0]
 [16  4  2  2]]
Left

[[ 0  2  4  2]
 [ 0  2  4  8]
 [ 0  2  8 16]
 [ 0 16  4  4]]
Right

[[ 2  4  2  0]
 [ 2  4  8  2]
 [ 2  8 16  0]
 [16  8  0  0]]
Left

[[ 2  2  4  2]
 [ 2  4  8  2]
 [ 0  2  8 16]
 [ 0  0 16  8]]
Right

[[ 0  0  0  0]
 [ 2  2  4  4]
 [ 0  4 16 16]
 [ 4  2 16  8]]
Down

[[ 2  2  4  4]
 [ 4  4 32 16]
 [ 2  2  0  8]
 [ 0  0  0  0]]
Up

[[ 0  2  0  0]
 [ 2  2  0  4]
 [ 4  4  4 16]
 [ 2  2 32  8]]
Down

[[ 2  4  4  4]
 [ 4  4 32 16]
 [ 2  2  2  8]
 [ 0  0  0  0]]
Up

[[ 0  0  0  2]
 [ 2  0  4  4]
 [ 4  8 32 16]
 [ 2  2  2  8]]
Down

[[ 2  8  4  2]
 [ 4  2 32  4]
 [ 2  2  2 16]
 [ 0  0  0  8]]
Up

[[ 0  0  2  2]
 [ 2  0  4  4]
 [ 4  8 32 16]
 [ 2  4  2  8]]
Down

[[ 2  8  2  2]
 [ 4  4  4  4]
 [ 2  0 32 16]
 [ 0  2  2  8]]
Up

[[ 2  8  4  0]
 [ 8  8  0  0]
 [ 2 32 16  0]
 [ 4  8  0  2]]
Left

[[ 0  2  8  4]
 [ 0  0  2 16]
 [ 0  2 32 16]
 [ 0  4  8  2]]
Right

[[ 2  8  4  4]
 [ 2 16  0  0]
 [ 2 32 16  0]
 [ 4  8  2  0]]
Left

[[ 0  2  8  8]
 [ 0  0  2 16]
 [ 0  2 32 16]
 [ 2  4  8  2]]
Right

[[ 2 16  0  0]
 [ 2 16  0  4]
 [ 2 32 16  0]
 [ 2  4  8  2]]
Left

[[ 4 32 16  4]
 [ 4 32  8  2]
 [ 0  4  0  2]
 [ 0  0  0  0]]
Up

[[ 0  0  0  0]
 [ 0  0  0  2]
 [ 0 64 16  4]
 [ 8  4  8  4]]
Down

[[ 8 64 16  2]
 [ 2  4  8  8]
 [ 0  0  0  0]
 [ 0  0  0  0]]
Up

[[ 2  0  0  0]
 [ 0  0  0  0]
 [ 8 64 16  2]
 [ 2  4  8  8]]
Down

[[ 2 64 16  2]
 [ 8  4  8  8]
 [ 2  0  0  0]
 [ 0  2  0  0]]
Up

[[ 0  0  0  0]
 [ 2 64  0  2]
 [ 8  4 16  2]
 [ 2  2  8  8]]
Down

[[ 2 64 16  4]
 [ 8  4  8  8]
 [ 2  2  0  0]
 [ 2  0  0  0]]
Up

[[ 2 64 16  4]
 [ 0  8  4 16]
 [ 0  0  2  4]
 [ 0  0  0  2]]
Right

[[ 0  0  0  4]
 [ 0  0 16 16]
 [ 4 64  4  4]
 [ 2  8  2  2]]
Down

[[ 4 64 16  4]
 [ 2  8  4 16]
 [ 0  0  2  4]
 [ 0  2  0  2]]
Up

[[ 0  0  0  4]
 [ 2 64 16 16]
 [ 4  8  4  4]
 [ 2  2  2  2]]
Down

[[ 2 64 16  4]
 [ 4  8  4 16]
 [ 2  2  2  4]
 [ 0  0  2  2]]
Up

[[ 0  2  0  4]
 [ 2 64 16 16]
 [ 4  8  4  4]
 [ 2  2  4  2]]
Down

[[ 2  2 16  4]
 [ 4 64  8 16]
 [ 2  8  0  4]
 [ 2  2  0  2]]
Up

[[ 0  4 16  4]
 [ 4 64  8 16]
 [ 0  2  8  4]
 [ 0  2  2  4]]
Right

[[ 4 16  4  0]
 [ 4 64  8 16]
 [ 2  8  4  0]
 [ 4  4  2  0]]
Left

[[ 0  4 16  4]
 [ 4 64  8 16]
 [ 0  2  8  4]
 [ 2  0  8  2]]
Right

[[ 4  4 16  4]
 [ 2 64 16 16]
 [ 2  2  8  4]
 [ 0  0  0  2]]
Up

[[ 0  0  0  4]
 [ 0  4  2 16]
 [ 4 64 32  4]
 [ 4  2  8  2]]
Down

[[ 8  4  2  4]
 [ 0 64 32 16]
 [ 0  2  8  4]
 [ 2  0  0  2]]
Up

[[ 8  4  2  4]
 [64 32 16  0]
 [ 2  8  4  0]
 [ 4  2  0  0]]
Left

[[ 8  4  2  4]
 [ 0 64 32 16]
 [ 2  2  8  4]
 [ 0  0  4  2]]
Right

[[ 8  4  2  4]
 [64 32 16  2]
 [ 4  8  4  0]
 [ 4  2  0  0]]
Left

[[ 8  4  2  4]
 [64 32 16  2]
 [ 2  4  8  4]
 [ 0  0  4  2]]
Right

[[ 8  4  2  4]
 [64 32 16  2]
 [ 2  4  8  4]
 [ 4  2  0  2]]
Left

[[ 8  4  2  4]
 [64 32 16  2]
 [ 2  4  8  4]
 [ 4  4  4  0]]
Left

[[ 8  2  2  0]
 [64  4 16  4]
 [ 2 32  8  2]
 [ 4  8  4  4]]
Down

[[ 8  4  0  2]
 [64  4 16  4]
 [ 2 32  8  2]
 [ 4  8  8  0]]
Left

[[ 8  8 16  2]
 [64 32 16  4]
 [ 2  8  2  2]
 [ 4  0  0  0]]
Up

[[ 8  2  0  0]
 [64  8  0  2]
 [ 2 32 32  4]
 [ 4  8  2  2]]
Down

[[ 8  2 32  2]
 [64  8  2  4]
 [ 2 32  0  2]
 [ 4  8  0  4]]
Up

[[ 8  2 32  2]
 [64  8  2  4]
 [ 2 32  2  0]
 [ 4  8  4  2]]
Left

[[ 8  2 32  2]
 [64  8  2  4]
 [ 2 32  2  0]
 [ 4  8  4  2]]
Left

[[ 8  2 32  2]
 [64  8  2  4]
 [ 2 32  2  0]
 [ 4  8  4  2]]
Left

[[ 8  2 32  2]
 [64  8  2  4]
 [ 2 32  2  0]
 [ 4  8  4  2]]
Left

[[ 8  2 32  2]
 [64  8  2  4]
 [ 2 32  2  0]
 [ 4  8  4  2]]
Left


-----


[[0 0 0 0]
 [4 0 0 2]
 [0 0 0 0]
 [4 0 0 0]]
Left

[[0 0 0 0]
 [0 0 4 2]
 [0 2 0 0]
 [0 0 0 4]]
Right

[[0 0 0 0]
 [4 2 0 0]
 [2 2 0 0]
 [4 0 0 0]]
Left

[[0 0 2 0]
 [0 0 4 2]
 [0 0 0 4]
 [0 0 0 4]]
Right

[[2 0 0 0]
 [4 2 2 0]
 [4 0 0 0]
 [4 0 0 0]]
Left

[[0 0 0 2]
 [0 0 4 4]
 [0 0 0 4]
 [0 2 0 4]]
Right

[[2 0 2 0]
 [8 0 0 0]
 [4 0 0 0]
 [2 4 0 0]]
Left

[[0 0 0 4]
 [0 0 0 8]
 [0 0 4 4]
 [0 0 2 4]]
Right

[[4 0 0 0]
 [8 0 0 0]
 [8 0 0 2]
 [2 4 0 0]]
Left

[[0 0 0 4]
 [0 0 0 8]
 [0 0 8 2]
 [0 4 2 4]]
Right

[[4 0 0 0]
 [8 0 2 0]
 [8 2 0 0]
 [4 2 4 0]]
Left

[[0 0 0 4]
 [0 2 8 2]
 [0 0 8 2]
 [0 4 2 4]]
Right

[[4 0 4 0]
 [2 8 2 0]
 [8 2 0 0]
 [4 2 4 0]]
Left

[[0 0 0 8]
 [0 2 8 2]
 [2 0 8 2]
 [0 4 2 4]]
Right

[[8 0 0 2]
 [2 8 2 0]
 [2 8 2 0]
 [4 2 4 0]]
Left

[[0 0 8 2]
 [2 2 8 2]
 [0 2 8 2]
 [0 4 2 4]]
Right

[[8 2 0 0]
 [4 8 2 0]
 [2 8 2 0]
 [4 2 4 4]]
Left

[[0 2 8 2]
 [0 4 8 2]
 [0 2 8 2]
 [0 4 2 8]]
Right

[[2 8 2 0]
 [4 8 2 0]
 [2 8 2 2]
 [4 2 8 0]]
Left

[[0 2 8 2]
 [0 4 8 2]
 [4 2 8 4]
 [0 4 2 8]]
Right

[[2 8 2 2]
 [4 8 2 0]
 [4 2 8 4]
 [4 2 8 0]]
Left

[[4 2 8 4]
 [0 4 8 2]
 [4 2 8 4]
 [0 4 2 8]]
Right

[[4 2 8 4]
 [4 8 2 2]
 [4 2 8 4]
 [4 2 8 0]]
Left

[[4 2 8 4]
 [0 4 8 4]
 [4 2 8 4]
 [2 4 2 8]]
Right

[[ 0  2  0  0]
 [ 2  4  8  4]
 [ 8  2 16  8]
 [ 2  4  2  8]]
Down

[[ 2  2  8  4]
 [ 8  4 16 16]
 [ 2  2  2  0]
 [ 0  4  2  0]]
Up

[[ 0  2  0  2]
 [ 2  4  8  0]
 [ 8  2 16  4]
 [ 2  4  4 16]]
Down

[[ 4  0  0  2]
 [ 2  4  8  0]
 [ 8  2 16  4]
 [ 2  8 16  0]]
Left

[[ 0  0  4  2]
 [ 0  2  4  8]
 [ 8  2 16  4]
 [ 2  2  8 16]]
Right

[[ 8  4  8  2]
 [ 2  2 16  8]
 [ 0  4  8  4]
 [ 0  0  0 16]]
Up

[[ 2  0  0  2]
 [ 0  4  8  8]
 [ 8  2 16  4]
 [ 2  4  8 16]]
Down

[[ 2  4  8  2]
 [ 8  2 16  8]
 [ 2  4  8  4]
 [ 0  2  0 16]]
Up

[[ 2  4  0  2]
 [ 2  2  8  8]
 [ 8  4 16  4]
 [ 2  2  8 16]]
Down

[[ 0  2  4  2]
 [ 0  0  4 16]
 [ 8  4 16  4]
 [ 2  4  8 16]]
Right

[[ 8  2  8  2]
 [ 2  8 16 16]
 [ 0  0  8  4]
 [ 0  0  2 16]]
Up

[[ 8  2  8  2]
 [ 2  8 32  0]
 [ 8  4  2  0]
 [ 2 16  0  0]]
Left

[[ 8  2  2  0]
 [ 2  8  8  0]
 [ 8  4 32  0]
 [ 2 16  2  2]]
Down

[[ 8  2  2  2]
 [ 2  8  8  0]
 [ 8  4 32  0]
 [ 2 16  2  2]]
Up

[[ 8  4  2  2]
 [ 2 16  0  0]
 [ 8  4 32  0]
 [ 2 16  4  0]]
Left

[[ 8  4  0  0]
 [ 2 16  2  0]
 [ 8  4 32  4]
 [ 2 16  4  2]]
Down

[[ 8  4  2  4]
 [ 2 16 32  2]
 [ 8  4  4  0]
 [ 2 16  2  0]]
Up

[[ 8  4  2  4]
 [ 2 16 32  2]
 [ 8  4  4  0]
 [ 2 16  2  0]]
Up

[[ 8  4  2  4]
 [ 2 16 32  2]
 [ 8  4  4  0]
 [ 2 16  2  0]]
Up

[[ 8  4  2  4]
 [ 2 16 32  2]
 [ 8  4  4  0]
 [ 2 16  2  0]]
Up

[[ 8  4  2  4]
 [ 2 16 32  2]
 [ 8  4  4  0]
 [ 2 16  2  0]]
Up


-----


[[0 0 0 2]
 [0 0 0 0]
 [0 0 0 0]
 [0 0 2 2]]
Right

[[2 2 0 0]
 [0 0 0 0]
 [0 0 0 0]
 [4 0 0 0]]
Left

[[0 2 0 4]
 [0 0 0 0]
 [0 0 0 0]
 [0 0 0 4]]
Right

[[2 4 2 0]
 [0 0 0 0]
 [0 0 0 0]
 [4 0 0 0]]
Left

[[0 2 4 2]
 [0 4 0 0]
 [0 0 0 0]
 [0 0 0 4]]
Right

[[2 4 2 0]
 [4 0 0 0]
 [0 0 0 2]
 [4 0 0 0]]
Left

[[0 2 4 2]
 [0 2 0 4]
 [0 0 0 2]
 [0 0 0 4]]
Right

[[2 4 2 0]
 [2 4 0 0]
 [2 0 0 0]
 [4 0 0 2]]
Left

[[2 2 4 2]
 [0 0 2 4]
 [0 0 0 2]
 [0 0 4 2]]
Right

[[4 4 2 0]
 [2 4 0 0]
 [2 2 0 0]
 [4 2 0 0]]
Left

[[0 0 8 2]
 [0 0 2 4]
 [0 2 0 4]
 [0 0 4 2]]
Right

[[8 2 2 0]
 [2 4 0 0]
 [2 4 0 0]
 [4 2 0 0]]
Left

[[0 0 8 4]
 [2 0 2 4]
 [0 0 2 4]
 [0 0 4 2]]
Right

[[8 4 0 0]
 [4 4 0 0]
 [2 4 0 0]
 [4 2 0 2]]
Left

[[0 2 8 4]
 [0 0 0 8]
 [0 0 2 4]
 [0 0 4 4]]
Right

[[2 8 4 0]
 [8 0 0 0]
 [2 4 0 0]
 [8 0 2 0]]
Left

[[0 2 8 4]
 [0 0 0 8]
 [0 0 2 4]
 [0 2 8 2]]
Right

[[2 8 4 0]
 [8 0 0 0]
 [2 4 0 0]
 [2 8 2 2]]
Left

[[0 2 8 4]
 [0 0 0 8]
 [0 2 2 4]
 [0 2 8 4]]
Right

[[2 8 4 2]
 [8 0 0 0]
 [4 4 0 0]
 [2 8 4 0]]
Left

[[2 8 4 2]
 [0 0 0 8]
 [0 0 0 8]
 [2 2 8 4]]
Right

[[2 8 4 2]
 [8 0 2 0]
 [8 0 0 0]
 [4 8 4 0]]
Left

[[2 8 4 2]
 [2 0 8 2]
 [0 0 0 8]
 [0 4 8 4]]
Right

[[2 8 4 2]
 [2 8 2 0]
 [8 2 0 0]
 [4 8 4 0]]
Left

[[ 0  0  0  2]
 [ 4 16  4  0]
 [ 8  2  2  0]
 [ 4  8  4  2]]
Down

[[ 4 16  4  4]
 [ 8  2  2  0]
 [ 4  8  4  0]
 [ 2  0  0  0]]
Up

[[ 2  4 16  8]
 [ 0  0  8  4]
 [ 0  4  8  4]
 [ 0  0  0  2]]
Right

[[ 0  0  2  0]
 [ 0  0  0  8]
 [ 0  0 16  8]
 [ 2  8 16  2]]
Down

[[ 2  8  2 16]
 [ 0  0 32  2]
 [ 2  0  0  0]
 [ 0  0  0  0]]
Up

[[ 0  0  0  0]
 [ 0  2  0  0]
 [ 0  0  2 16]
 [ 4  8 32  2]]
Down

[[ 4  2  2 16]
 [ 0  8 32  2]
 [ 0  2  0  0]
 [ 0  0  0  0]]
Up

[[ 0  0  0  0]
 [ 0  2  0  0]
 [ 2  8  2 16]
 [ 4  2 32  2]]
Down

[[ 2  2  2 16]
 [ 4  8 32  2]
 [ 0  2  0  0]
 [ 2  0  0  0]]
Up

[[ 0  0  4  0]
 [ 2  2  0  0]
 [ 4  8  2 16]
 [ 2  2 32  2]]
Down

[[ 2  2  4 16]
 [ 4  8  2  2]
 [ 2  2 32  0]
 [ 2  0  0  0]]
Up

[[ 0  4  4 16]
 [ 0  4  8  4]
 [ 0  0  4 32]
 [ 0  0  2  2]]
Right

[[ 8 16  0  0]
 [ 4  8  4  2]
 [ 4 32  0  0]
 [ 4  0  0  0]]
Left

[[ 0  0  8 16]
 [ 4  8  4  2]
 [ 0  0  4 32]
 [ 0  2  0  4]]
Right

[[ 8 16  0  0]
 [ 4  8  4  2]
 [ 4 32  0  2]
 [ 2  4  0  0]]
Left

[[ 0  0  8 16]
 [ 4  8  4  2]
 [ 2  4 32  2]
 [ 0  0  2  4]]
Right

[[ 8 16  0  0]
 [ 4  8  4  2]
 [ 2  4 32  2]
 [ 2  4  2  0]]
Left

[[ 8 16  4  4]
 [ 4  8 32  2]
 [ 4  8  2  0]
 [ 0  0  0  0]]
Up

[[ 0  0  0  0]
 [ 0  0  4  2]
 [ 8 16 32  4]
 [ 8 16  2  2]]
Down

[[16 32  4  2]
 [ 0  0 32  4]
 [ 0  2  2  2]
 [ 0  0  0  0]]
Up

[[ 0  2  0  0]
 [ 0  0  4  2]
 [ 0 32 32  4]
 [16  2  2  2]]
Down

[[ 2  0  0  0]
 [ 4  2  2  0]
 [64  4  0  0]
 [16  4  2  0]]
Left

[[ 2  0  0  2]
 [ 0  0  4  4]
 [ 0  0 64  4]
 [ 0 16  4  2]]
Right

[[ 4  0  0  0]
 [ 8  0  0  0]
 [64  4  2  0]
 [16  4  2  0]]
Left

[[ 0  0  0  4]
 [ 0  0  4  8]
 [ 0 64  4  2]
 [ 0 16  4  2]]
Right

[[ 4  0  0  0]
 [ 4  8  0  0]
 [64  4  2  0]
 [16  4  2  2]]
Left

[[ 8  8  4  2]
 [64  8  0  2]
 [16  0  0  0]
 [ 0  0  0  0]]
Up

[[ 0  2  0  0]
 [ 8  0  0  0]
 [64  0  0  0]
 [16 16  4  4]]
Down

[[ 8  2  4  4]
 [64 16  0  0]
 [16  0  0  0]
 [ 0  0  0  2]]
Up

[[ 0  0  0  2]
 [ 8  0  0  0]
 [64  2  0  4]
 [16 16  4  2]]
Down

[[ 2  0  0  0]
 [ 8  0  2  0]
 [64  2  4  0]
 [32  4  2  0]]
Left

[[ 0  0  0  2]
 [ 0  0  8  2]
 [ 0 64  2  4]
 [ 2 32  4  2]]
Right

[[ 2  2  0  0]
 [ 8  2  0  0]
 [64  2  4  0]
 [ 2 32  4  2]]
Left

[[ 2  4  8  2]
 [ 8  2  2  0]
 [64 32  0  0]
 [ 2  0  0  0]]
Up

[[ 2  4  8  2]
 [ 0  0  8  4]
 [ 0  2 64 32]
 [ 0  0  0  2]]
Right

[[ 0  0  0  2]
 [ 0  0  0  4]
 [ 4  4 16 32]
 [ 2  2 64  2]]
Down

[[ 4  4 16  2]
 [ 2  2 64  4]
 [ 0  2  0 32]
 [ 0  0  0  2]]
Up

[[ 0  0  0  2]
 [ 0  0  2  4]
 [ 4  4 16 32]
 [ 2  4 64  2]]
Down

[[ 4  8  2  2]
 [ 2  2 16  4]
 [ 0  0 64 32]
 [ 0  0  0  2]]
Up

[[ 4  8  4  0]
 [ 4 16  4  2]
 [64 32  0  0]
 [ 2  0  0  0]]
Left

[[ 0  4  8  4]
 [ 4 16  4  2]
 [ 2  0 64 32]
 [ 0  0  0  2]]
Right

[[ 0  0  0  4]
 [ 0  2  8  2]
 [ 4  4  4 32]
 [ 2 16 64  2]]
Down

[[ 4  2  8  4]
 [ 2  4  4  2]
 [ 0 16 64 32]
 [ 2  0  0  2]]
Up

[[ 0  0  2  4]
 [ 0  2  8  2]
 [ 4  4  4 32]
 [ 4 16 64  2]]
Down

[[ 8  2  2  4]
 [ 0  4  8  2]
 [ 0 16  4 32]
 [ 2  0 64  2]]
Up

[[ 8  4  4  0]
 [ 4  8  2  0]
 [16  4 32  2]
 [ 2 64  2  0]]
Left

[[ 0  0  8  8]
 [ 0  4  8  2]
 [16  4 32  2]
 [ 2  2 64  2]]
Right

[[16  8 16  8]
 [ 2  2 32  4]
 [ 0  2 64  2]
 [ 0  0  0  0]]
Up

[[ 0  0  0  0]
 [ 2  0 16  8]
 [16  8 32  4]
 [ 2  4 64  2]]
Down

[[ 2  8 16  8]
 [16  4 32  4]
 [ 2  2 64  2]
 [ 0  0  0  0]]
Up

[[ 2  0  0  0]
 [ 2  8 16  8]
 [16  4 32  4]
 [ 2  2 64  2]]
Down

[[ 0  0  0  2]
 [ 2  8 16  8]
 [16  4 32  4]
 [ 2  4 64  2]]
Right

[[ 2  0  2  0]
 [ 2  8 16  8]
 [16  4 32  4]
 [ 2  4 64  2]]
Left

[[ 4  8  2  8]
 [16  8 16  4]
 [ 2  0 32  2]
 [ 2  0 64  0]]
Up

[[ 0  2  2  0]
 [ 4  0 16  8]
 [16  0 32  4]
 [ 4 16 64  2]]
Down

[[ 4  0  2  0]
 [ 4 16  8  0]
 [16 32  4  0]
 [ 4 16 64  2]]
Left

[[ 8 16  2  2]
 [16 32  8  0]
 [ 4 16  4  0]
 [ 0  0 64  2]]
Up

[[ 0  0  2  2]
 [ 8 16  8  0]
 [16 32  4  0]
 [ 4 16 64  4]]
Down

[[ 8 16  2  2]
 [16 32  8  4]
 [ 4 16  4  2]
 [ 0  0 64  0]]
Up

[[ 0  0  2  2]
 [ 8 16  8  2]
 [16 32  4  4]
 [ 4 16 64  2]]
Down

[[ 4  0  0  2]
 [ 8 16  8  2]
 [16 32  8  0]
 [ 4 16 64  2]]
Left

[[ 4 16 16  4]
 [ 8 32 64  2]
 [16 16  2  0]
 [ 4  0  0  0]]
Up

[[ 0  4 32  4]
 [ 8 32 64  2]
 [ 0  0 32  2]
 [ 2  0  0  4]]
Right

[[ 4 32  4  0]
 [ 8 32 64  2]
 [32  2  2  0]
 [ 2  4  0  0]]
Left

[[ 2  4 32  4]
 [ 8 32 64  2]
 [ 0  0 32  4]
 [ 0  0  2  4]]
Right

[[ 0  0 32  0]
 [ 2  0 64  4]
 [ 2  4 32  2]
 [ 8 32  2  8]]
Down

[[ 4  4 32  4]
 [ 8 32 64  2]
 [ 0  0 32  8]
 [ 2  0  2  0]]
Up

[[ 0  8 32  4]
 [ 8 32 64  2]
 [ 0  2 32  8]
 [ 0  0  0  4]]
Right

[[ 8 32  4  2]
 [ 8 32 64  2]
 [ 2 32  8  0]
 [ 4  0  0  0]]
Left

[[ 0  0  0  0]
 [16  0  4  4]
 [ 2 32 64  0]
 [ 4 64  8  4]]
Down

[[16 32  4  8]
 [ 2 64 64  0]
 [ 4  0  8  0]
 [ 0  0  0  2]]
Up

[[ 0  0  0  0]
 [16  2  4  0]
 [ 2 32 64  8]
 [ 4 64  8  2]]
Down

[[16  2  4  8]
 [ 2 32 64  2]
 [ 4 64  8  0]
 [ 0  2  0  0]]
Up

[[ 2  2  0  0]
 [16 32  4  0]
 [ 2 64 64  8]
 [ 4  2  8  2]]
Down

[[ 2  2  4  8]
 [16 32 64  2]
 [ 2 64  8  0]
 [ 4  2  2  0]]
Up

[[ 0  4  4  8]
 [16 32 64  2]
 [ 0  2 64  8]
 [ 2  0  4  4]]
Right

[[  0   0   2   8]
 [  0   4   4   2]
 [ 16  32 128   8]
 [  2   2   4   4]]
Down

[[  2   8   0   0]
 [  8   2   2   0]
 [ 16  32 128   8]
 [  4   8   0   0]]
Left

[[  0   0   2   8]
 [  0   0   8   4]
 [ 16  32 128   8]
 [  0   2   4   8]]
Right

[[  2   8   0   0]
 [  8   4   2   0]
 [ 16  32 128   8]
 [  2   4   8   0]]
Left

[[  0   0   2   8]
 [  0   8   4   2]
 [ 16  32 128   8]
 [  2   2   4   8]]
Right

[[ 16   8   2   8]
 [  2  32   4   2]
 [  2   2 128  16]
 [  0   0   4   0]]
Up

[[ 16   8   2   8]
 [  2  32   4   2]
 [  4 128  16   0]
 [  4   0   0   2]]
Left

[[ 16   8   2   8]
 [  2  32   4   4]
 [  8 128  16   0]
 [  0   2   0   0]]
Up

[[  0   8   0   0]
 [ 16  32   2   2]
 [  2 128   4   8]
 [  8   2  16   4]]
Down

[[ 16   8   2   2]
 [  2  32   4   8]
 [  8 128  16   4]
 [  0   2   2   0]]
Up

[[ 16   8   4   0]
 [  2  32   4   8]
 [  8 128  16   4]
 [  4   0   0   2]]
Left

[[ 16   8   4   2]
 [  2  32   4   8]
 [  8 128  16   4]
 [  4   2   0   0]]
Left

[[ 16   8   0   0]
 [  2  32   2   2]
 [  8 128   8   8]
 [  4   2  16   4]]
Down

[[ 16   8   2   2]
 [  2  32   8   8]
 [  8 128  16   4]
 [  4   2   4   0]]
Up

[[ 16   8   4   0]
 [  2  32  16   0]
 [  8 128  16   4]
 [  4   2   4   2]]
Left

[[ 16   8   4   4]
 [  2  32  32   2]
 [  8 128   4   0]
 [  4   2   0   2]]
Up

[[ 16   8   4   4]
 [  2  32  32   4]
 [  8 128   4   0]
 [  4   2   2   0]]
Up

[[  0  16   8   8]
 [  2   2  64   4]
 [  0   8 128   4]
 [  0   0   4   4]]
Right

[[ 16  16   2   0]
 [  4  64   4   0]
 [  8 128   4   0]
 [  8   0   0   0]]
Left

[[  0   2  32   2]
 [  0   4  64   4]
 [  0   8 128   4]
 [  0   0   0   8]]
Right

[[  2  32   2   0]
 [  4  64   4   0]
 [  8 128   4   2]
 [  8   0   0   0]]
Left

[[  0   2  32   2]
 [  0   4  64   4]
 [  8 128   4   2]
 [  0   2   0   8]]
Right

[[  2  32   2   0]
 [  4  64   4   2]
 [  8 128   4   2]
 [  2   8   0   0]]
Left

[[  2  32   2   4]
 [  4  64   8   2]
 [  8 128   0   0]
 [  2   8   0   0]]
Up

[[  2  32   2   4]
 [  4  64   8   2]
 [  2   0   8 128]
 [  0   0   2   8]]
Right

[[  2  32   2   4]
 [  4  64   8   2]
 [  2   8 128   0]
 [  2   8   2   0]]
Left

[[  2  32   2   4]
 [  4  64   8   2]
 [  2   2   8 128]
 [  0   2   8   2]]
Right

[[  2  32   2   4]
 [  4  64  16   2]
 [  2   4   8 128]
 [  0   4   0   2]]
Up

[[  2  32   2   4]
 [  4  64  16   2]
 [  2   8   8 128]
 [  2   0   0   2]]
Up

[[  2  32   2   4]
 [  4  64  16   2]
 [  4   8   8 128]
 [  0   0   2   2]]
Up

[[  2  32   2   4]
 [  8  64  16   2]
 [  2   8   8 128]
 [  0   0   2   2]]
Up

[[  2  32   2   4]
 [  8  64  16   2]
 [  2  16 128   0]
 [  4   2   0   0]]
Left

[[  2  32   2   4]
 [  8  64  16   2]
 [  0   2  16 128]
 [  4   0   4   2]]
Right

[[  2  32   2   4]
 [  8  64  16   2]
 [  2  16 128   0]
 [  8   2   2   0]]
Left

[[  2  32   2   4]
 [  8  64  16   2]
 [  0   2  16 128]
 [  2   0   8   4]]
Right

[[  2  32   2   4]
 [  8  64  32   2]
 [  2   2   8 128]
 [  2   0   0   4]]
Up

[[  0   2   0   4]
 [  2  32   2   2]
 [  8  64  32 128]
 [  4   2   8   4]]
Down

[[  2   2   2   4]
 [  8  32  32   2]
 [  4  64   8 128]
 [  0   2   4   4]]
Up

[[  2   2   2   4]
 [  2  32  32   2]
 [  8  64   8 128]
 [  4   2   4   4]]
Down

[[  4   2   4   2]
 [  2  64   2   0]
 [  8  64   8 128]
 [  4   2   8   0]]
Left

[[  4   2   4   2]
 [  0   2  64   2]
 [  8  64   8 128]
 [  4   4   2   8]]
Right

[[  4   2   4   2]
 [  2  64   2   0]
 [  8  64   8 128]
 [  8   2   8   2]]
Left

[[  4   2   4   2]
 [  2 128   2 128]
 [ 16   2  16   2]
 [  0   0   0   2]]
Up

[[  2   0   0   0]
 [  4   2   4   2]
 [  2 128   2 128]
 [ 16   2  16   4]]
Down

[[  2   2   4   2]
 [  4 128   2 128]
 [  2   2  16   4]
 [ 16   2   0   0]]
Up

[[  0   4   4   2]
 [  4 128   2 128]
 [  0   4  16   4]
 [  2   0  16   2]]
Right

[[  4   4   4   2]
 [  2 128   2 128]
 [  2   4  32   4]
 [  0   0   0   2]]
Up

[[  0   0   2   2]
 [  0   4   4 128]
 [  4 128   2   4]
 [  4   4  32   2]]
Down

[[  4   0   0   2]
 [  8 128   0   0]
 [  4 128   2   4]
 [  8  32   2   0]]
Left

[[  4   4   0   0]
 [  8   0   0   0]
 [  4 256   0   2]
 [  8  32   4   4]]
Down

[[  0   0   2   8]
 [  0   0   0   8]
 [  0   4 256   2]
 [  0   8  32   8]]
Right

[[  2   8   0   0]
 [  8   0   0   0]
 [  4 256   2   2]
 [  8  32   8   0]]
Left

[[  0   0   2   8]
 [  2   0   0   8]
 [  0   4 256   4]
 [  0   8  32   8]]
Right

[[  2   8   0   0]
 [  2   8   0   2]
 [  4 256   4   0]
 [  8  32   8   0]]
Left

[[  0   2   2   8]
 [  0   2   8   2]
 [  0   4 256   4]
 [  0   8  32   8]]
Right

[[  4   8   0   0]
 [  2   8   2   2]
 [  4 256   4   0]
 [  8  32   8   0]]
Left

[[  0   0   4   8]
 [  2   2   8   4]
 [  0   4 256   4]
 [  0   8  32   8]]
Right

[[  4   8   0   0]
 [  4   8   4   0]
 [  4 256   4   0]
 [  8  32   8   2]]
Left

[[  8  16   8   2]
 [  4 256   8   0]
 [  8  32   4   0]
 [  0   0   0   0]]
Up

[[  8  16   8   2]
 [  0   4 256   8]
 [  0   8  32   4]
 [  0   0   2   0]]
Right

[[  8  16   8   2]
 [  4 256   8   0]
 [  8  32   4   4]
 [  2   0   0   0]]
Left

[[  8  16   8   2]
 [  0   4 256   8]
 [  0   8  32   8]
 [  0   2   0   2]]
Right

[[  8  16   8   2]
 [  4 256   8   0]
 [  8  32   8   0]
 [  4   2   0   0]]
Left

[[  8  16   8   2]
 [  2   4 256   8]
 [  0   8  32   8]
 [  0   0   4   2]]
Right

[[  8  16   8   2]
 [  2   4 256   8]
 [  8  32   8   4]
 [  4   2   0   0]]
Left

[[  8  16   2   0]
 [  2   4   8   2]
 [  8  32 256   8]
 [  4   2   8   4]]
Down

[[  8  16   2   2]
 [  2   4   8   8]
 [  8  32 256   4]
 [  4   2   8   2]]
Up

[[  8  16   4   2]
 [  2   4  16   0]
 [  8  32 256   4]
 [  4   2   8   2]]
Left

[[  8  16   4   2]
 [  2   4  16   4]
 [  8  32 256   2]
 [  4   2   8   2]]
Up

[[  8  16   4   2]
 [  2   4  16   4]
 [  8  32 256   4]
 [  4   2   8   4]]
Up

[[  8  16   4   2]
 [  2   4  16   4]
 [  8  32 256   4]
 [  4   2   8   4]]
Left

[[  8  16   4   2]
 [  2   4  16   4]
 [  8  32 256   4]
 [  4   2   8   4]]
Left

[[  8  16   4   2]
 [  2   4  16   4]
 [  8  32 256   4]
 [  4   2   8   4]]
Left

[[  8  16   4   2]
 [  2   4  16   4]
 [  8  32 256   4]
 [  4   2   8   4]]
Left


-----


[[0 0 0 0]
 [0 0 2 2]
 [0 0 0 2]
 [0 0 0 0]]
Right

[[0 0 0 0]
 [4 0 0 0]
 [2 0 0 0]
 [0 0 0 2]]
Left

[[4 0 0 2]
 [2 0 0 0]
 [0 0 0 0]
 [2 0 0 0]]
Up

[[0 0 4 2]
 [0 2 0 2]
 [0 0 0 0]
 [0 0 0 2]]
Right

[[4 2 0 0]
 [4 0 0 0]
 [0 0 2 0]
 [2 0 0 0]]
Left

[[2 0 4 2]
 [0 0 0 4]
 [0 0 0 2]
 [0 0 0 2]]
Right

[[2 4 2 0]
 [4 0 0 0]
 [2 0 0 0]
 [2 0 0 2]]
Left

[[0 2 4 2]
 [0 0 0 4]
 [0 0 0 2]
 [0 0 2 4]]
Right

[[2 4 2 0]
 [4 2 0 0]
 [2 0 0 0]
 [2 4 0 0]]
Left

[[2 2 4 2]
 [0 0 4 2]
 [0 0 0 2]
 [0 0 2 4]]
Right

[[4 4 2 0]
 [4 2 0 0]
 [2 0 0 2]
 [2 4 0 0]]
Left

[[0 0 8 2]
 [0 2 4 2]
 [0 0 0 4]
 [0 0 2 4]]
Right

[[8 2 0 0]
 [2 4 2 0]
 [4 0 0 0]
 [2 4 2 0]]
Left

[[0 2 8 2]
 [0 2 4 2]
 [0 0 0 4]
 [0 2 4 2]]
Right

[[2 8 2 0]
 [2 4 2 2]
 [4 0 0 0]
 [2 4 2 0]]
Left

[[0 2 8 2]
 [0 2 4 4]
 [0 2 0 4]
 [0 2 4 2]]
Right

[[2 8 2 0]
 [2 8 2 0]
 [2 4 0 0]
 [2 4 2 0]]
Left

[[2 2 8 2]
 [0 2 8 2]
 [0 0 2 4]
 [0 2 4 2]]
Right

[[4 8 2 0]
 [2 8 2 2]
 [2 4 0 0]
 [2 4 2 0]]
Left

[[ 4 16  4  2]
 [ 4  8  2  0]
 [ 2  0  2  0]
 [ 0  0  0  0]]
Up

[[ 4 16  4  2]
 [ 0  4  8  2]
 [ 0  2  0  4]
 [ 0  0  0  0]]
Right

[[ 0  0  0  2]
 [ 0 16  0  0]
 [ 0  4  4  4]
 [ 4  2  8  4]]
Down

[[ 4 16  4  2]
 [ 0  4  8  8]
 [ 4  2  0  0]
 [ 0  0  0  0]]
Up

[[ 0  0  2  0]
 [ 0 16  0  0]
 [ 0  4  4  2]
 [ 8  2  8  8]]
Down

[[ 8 16  2  2]
 [ 0  4  4  8]
 [ 0  2  8  0]
 [ 0  0  2  0]]
Up

[[ 8 16  4  0]
 [ 8  8  0  2]
 [ 2  8  0  0]
 [ 2  0  0  0]]
Left

[[ 0  8 16  4]
 [ 0  0 16  2]
 [ 0  2  2  8]
 [ 0  0  0  2]]
Right

[[ 8 16  4  0]
 [16  2  0  0]
 [ 4  8  0  0]
 [ 2  0  2  0]]
Left

[[ 0  8 16  4]
 [ 0  2 16  2]
 [ 0  0  4  8]
 [ 0  0  0  4]]
Right

[[ 8 16  4  2]
 [ 2 16  2  0]
 [ 4  8  0  0]
 [ 4  0  0  0]]
Left

[[ 8 16  4  2]
 [ 0  2 16  2]
 [ 0  2  4  8]
 [ 0  0  0  4]]
Right

[[ 8 16  4  2]
 [ 2 16  2  0]
 [ 2  4  8  0]
 [ 4  2  0  0]]
Left

[[ 8 16  4  2]
 [ 2  2 16  2]
 [ 0  2  4  8]
 [ 0  0  4  2]]
Right

[[ 8 16  4  2]
 [ 4 16  2  0]
 [ 2  4  8  0]
 [ 4  2  0  4]]
Left

[[ 8 16  4  2]
 [ 0  4 16  2]
 [ 2  2  4  8]
 [ 0  4  2  4]]
Right

[[ 8 16  4  2]
 [ 4 16  2  2]
 [ 4  4  8  0]
 [ 4  2  4  0]]
Left

[[ 8 16  4  2]
 [ 2  4 16  4]
 [ 0  0  8  8]
 [ 0  4  2  4]]
Right

[[ 8 16  4  2]
 [ 2  4 16  4]
 [16  0  2  0]
 [ 4  2  4  0]]
Left

[[ 8  2  4  0]
 [ 2 16 16  0]
 [16  4  2  2]
 [ 4  2  4  4]]
Down

[[ 8  2  4  0]
 [ 2 16 16  0]
 [16  4  2  2]
 [ 4  2  4  4]]
Down

[[ 8  2  4  0]
 [ 2 16 16  0]
 [16  4  2  2]
 [ 4  2  4  4]]
Down

[[ 8  2  4  0]
 [ 2 16 16  0]
 [16  4  2  2]
 [ 4  2  4  4]]
Down

[[ 8  2  4  0]
 [ 2 16 16  0]
 [16  4  2  2]
 [ 4  2  4  4]]
Down


-----


[[2 0 0 0]
 [0 0 0 0]
 [2 0 0 0]
 [2 0 0 0]]
Left

[[0 0 0 2]
 [2 0 0 0]
 [0 0 0 2]
 [0 0 0 2]]
Right

[[2 0 0 0]
 [2 0 0 2]
 [2 0 0 0]
 [2 0 0 0]]
Left

[[0 0 0 2]
 [0 0 0 4]
 [0 0 0 2]
 [2 0 0 2]]
Right

[[2 0 0 0]
 [4 0 0 0]
 [2 0 0 0]
 [4 2 0 0]]
Left

[[0 0 0 2]
 [2 0 0 4]
 [0 0 0 2]
 [0 0 4 2]]
Right

[[2 0 0 0]
 [2 4 0 0]
 [2 0 0 0]
 [4 2 0 2]]
Left

[[0 0 0 2]
 [0 2 2 4]
 [0 0 0 2]
 [0 0 4 4]]
Right

[[2 0 0 0]
 [4 4 0 0]
 [2 2 0 0]
 [8 0 0 0]]
Left

[[0 0 0 2]
 [0 0 0 8]
 [0 0 0 4]
 [0 0 2 8]]
Right

[[2 0 0 0]
 [8 2 0 0]
 [4 0 0 0]
 [2 8 0 0]]
Left

[[0 0 0 2]
 [0 0 8 2]
 [0 0 0 4]
 [0 2 2 8]]
Right

[[2 0 0 0]
 [8 2 0 0]
 [4 0 0 0]
 [4 8 2 0]]
Left

[[0 0 0 2]
 [0 0 8 2]
 [2 0 0 4]
 [0 4 8 2]]
Right

[[2 0 2 0]
 [8 2 0 0]
 [2 4 0 0]
 [4 8 2 0]]
Left

[[0 0 0 4]
 [0 2 8 2]
 [0 0 2 4]
 [0 4 8 2]]
Right

[[4 0 0 0]
 [2 8 2 0]
 [2 4 0 4]
 [4 8 2 0]]
Left

[[0 0 0 4]
 [0 2 8 2]
 [2 0 2 8]
 [0 4 8 2]]
Right

[[2 2 8 4]
 [0 4 2 2]
 [0 2 8 8]
 [0 0 0 2]]
Up

[[ 4  8  4  0]
 [ 4  4  2  0]
 [ 2 16  0  0]
 [ 2  0  0  0]]
Left

[[ 0  4  8  4]
 [ 0  0  8  2]
 [ 0  0  2 16]
 [ 0  0  2  2]]
Right

[[ 4  8  4  0]
 [ 8  2  0  0]
 [ 2 16  0  0]
 [ 4  2  0  0]]
Left

[[ 0  4  8  4]
 [ 0  0  8  2]
 [ 2  0  2 16]
 [ 0  0  4  2]]
Right

[[ 4  8  4  2]
 [ 8  2  0  0]
 [ 4 16  0  0]
 [ 4  2  0  0]]
Left

[[ 4  8  4  2]
 [ 0  0  8  2]
 [ 0  2  4 16]
 [ 0  0  4  2]]
Right

[[ 4  8  4  2]
 [ 8  2  0  2]
 [ 2  4 16  0]
 [ 4  2  0  0]]
Left

[[ 4  8  4  2]
 [ 0  0  8  4]
 [ 0  2  4 16]
 [ 0  2  4  2]]
Right

[[ 4  8  4  2]
 [ 8  4  0  0]
 [ 2  4 16  0]
 [ 2  4  2  2]]
Left

[[ 4  8  4  4]
 [ 8  8 16  0]
 [ 4  4  2  0]
 [ 2  0  0  0]]
Up

[[ 2  4  8  8]
 [ 0  0 16 16]
 [ 0  0  8  2]
 [ 0  0  0  2]]
Right

[[ 0  0  0  0]
 [ 2  0  8  8]
 [ 0  0 16 16]
 [ 2  4  8  4]]
Down

[[ 4  4  8  8]
 [ 0  0 16 16]
 [ 0  0  8  4]
 [ 0  0  2  0]]
Up

[[ 2  0  8  0]
 [ 0  0 16  8]
 [ 0  0  8 16]
 [ 4  4  2  4]]
Down

[[ 2  8  2  0]
 [16  8  0  0]
 [ 8 16  0  0]
 [ 8  2  4  0]]
Left

[[ 0  2  8  2]
 [ 2  0 16  8]
 [ 0  0  8 16]
 [ 0  8  2  4]]
Right

[[ 2  8  2  2]
 [ 2 16  8  0]
 [ 8 16  0  0]
 [ 8  2  4  0]]
Left

[[ 0  0  0  0]
 [ 2  8  2  0]
 [ 4 32  8  0]
 [16  2  4  2]]
Down

[[ 2  8  2  2]
 [ 4 32  8  0]
 [16  2  4  0]
 [ 0  0  0  2]]
Up

[[ 0  0  2  0]
 [ 2  8  2  0]
 [ 4 32  8  0]
 [16  2  4  4]]
Down

[[ 2  8  4  4]
 [ 4 32  8  0]
 [16  2  4  0]
 [ 0  2  0  0]]
Up

[[ 0  2  8  8]
 [ 0  4 32  8]
 [ 0 16  2  4]
 [ 2  0  0  2]]
Right

[[ 2 16  0  0]
 [ 4 32  8  0]
 [16  2  4  2]
 [ 4  0  0  0]]
Left

[[ 0  0  2 16]
 [ 0  4 32  8]
 [16  2  4  2]
 [ 0  2  0  4]]
Right

[[ 2 16  4  0]
 [ 4 32  8  0]
 [16  2  4  2]
 [ 2  4  0  0]]
Left

[[ 2  2 16  4]
 [ 0  4 32  8]
 [16  2  4  2]
 [ 0  0  2  4]]
Right

[[ 4 16  4  0]
 [ 4 32  8  0]
 [16  2  4  2]
 [ 2  4  2  0]]
Left

[[ 2  4 16  4]
 [ 0  4 32  8]
 [16  2  4  2]
 [ 0  2  4  2]]
Right

[[ 0  0  0  2]
 [ 0  0 16  4]
 [ 2  8 32  8]
 [16  4  8  4]]
Down

[[ 2  8 16  2]
 [16  4 32  4]
 [ 0  0  8  8]
 [ 2  0  0  4]]
Up

[[ 0  0  0  2]
 [ 2  4 16  4]
 [16  8 32  8]
 [ 2  4  8  4]]
Down

[[ 2  4 16  2]
 [16  8 32  4]
 [ 2  4  8  8]
 [ 2  0  0  4]]
Up

[[ 2  0  0  2]
 [ 2  4 16  4]
 [16  8 32  8]
 [ 4  4  8  4]]
Down

[[ 4  4 16  2]
 [16  8 32  4]
 [ 4  4  8  8]
 [ 4  0  0  4]]
Up

[[ 0  2  0  2]
 [ 4  4 16  4]
 [16  8 32  8]
 [ 8  4  8  4]]
Down

[[ 4  0  0  0]
 [ 8 16  4  2]
 [16  8 32  8]
 [ 8  4  8  4]]
Left

[[ 4 16  4  2]
 [ 8  8 32  8]
 [16  4  8  4]
 [ 8  0  2  0]]
Up

[[ 4  0  4  2]
 [ 8 16 32  2]
 [16  8  8  8]
 [ 8  4  2  4]]
Down

[[ 8  2  0  2]
 [ 8 16 32  2]
 [16 16  8  0]
 [ 8  4  2  4]]
Left

[[ 8  4  0  0]
 [ 8 16 32  2]
 [32  8  0  2]
 [ 8  4  2  4]]
Left

[[16  4 32  4]
 [32 16  2  4]
 [ 8  8  0  0]
 [ 0  4  0  2]]
Up

[[16  4 32  8]
 [32 16  2  2]
 [ 8  8  0  0]
 [ 2  4  0  0]]
Up

[[16  4 32  8]
 [ 0 32 16  4]
 [ 2  0  0 16]
 [ 0  0  2  4]]
Right

[[16  4 32  8]
 [32 16  4  0]
 [ 2 16  0  0]
 [ 2  4  2  0]]
Left

[[16  4 32  8]
 [ 0 32 16  4]
 [ 2  0  2 16]
 [ 0  2  4  2]]
Right

[[16  4 32  8]
 [32 16  4  0]
 [ 4 16  2  0]
 [ 2  4  2  0]]
Left

[[16  4 32  8]
 [ 0 32 16  4]
 [ 0  4 16  2]
 [ 2  2  4  2]]
Right

[[16  4 32  8]
 [ 2 32 32  4]
 [ 2  4  4  4]
 [ 0  2  0  0]]
Up

[[16  4 32  8]
 [ 0  2 64  4]
 [ 0  2  4  8]
 [ 2  0  0  2]]
Right

[[16  4 32  8]
 [ 2  4 64  4]
 [ 2  0  4  8]
 [ 0  0  0  2]]
Up

[[16  4 32  8]
 [ 2  4 64  4]
 [ 2  4  8  0]
 [ 2  0  2  0]]
Left

[[16  4 32  8]
 [ 2  4 64  4]
 [ 0  2  4  8]
 [ 0  0  2  4]]
Right

[[16  4 32  8]
 [ 2  4 64  4]
 [ 2  4  8  0]
 [ 2  4  2  0]]
Left

[[16  4 32  8]
 [ 2  4 64  4]
 [ 0  2  4  8]
 [ 4  2  4  2]]
Right

[[16  8 32  8]
 [ 2  4 64  4]
 [ 4  4  8  8]
 [ 0  0  0  2]]
Up

[[16  8 32  8]
 [ 2  4 64  4]
 [ 8 16  0  0]
 [ 2  2  0  0]]
Left

[[16  8 32  8]
 [ 2  4 64  4]
 [ 0  0  8 16]
 [ 0  2  0  4]]
Right

[[16  8 32  8]
 [ 2  4 64  4]
 [ 8 16  0  0]
 [ 2  4  0  2]]
Left

[[16  8 32  8]
 [ 2  4 64  4]
 [ 8 16  0  2]
 [ 2  4  2  0]]
Up

[[16  8 32  8]
 [ 2  4 64  4]
 [ 8 16  2  2]
 [ 2  4  0  2]]
Up

[[16  8 32  8]
 [ 2  4 64  4]
 [ 8 16  2  4]
 [ 2  4  0  2]]
Up

[[16  8 32  8]
 [ 2  4 64  4]
 [ 8 16  2  4]
 [ 2  4  2  2]]
Left

[[16  8 32  8]
 [ 2  4 64  4]
 [ 8 16  2  4]
 [ 2  4  4  2]]
Left

[[16  8 32  8]
 [ 2  4 64  4]
 [ 8 16  2  4]
 [ 2  8  2  2]]
Left

[[16  8 32  8]
 [ 2  4 64  4]
 [ 8 16  2  4]
 [ 2  8  4  2]]
Left

[[16  8 32  8]
 [ 2  4 64  4]
 [ 8 16  2  4]
 [ 2  8  4  2]]
Left

[[16  8 32  8]
 [ 2  4 64  4]
 [ 8 16  2  4]
 [ 2  8  4  2]]
Left

[[16  8 32  8]
 [ 2  4 64  4]
 [ 8 16  2  4]
 [ 2  8  4  2]]
Left

[[16  8 32  8]
 [ 2  4 64  4]
 [ 8 16  2  4]
 [ 2  8  4  2]]
Left


-----


[[2 0 0 0]
 [0 0 0 0]
 [0 2 0 0]
 [2 0 0 0]]
Left

[[0 0 0 2]
 [0 0 0 0]
 [0 0 0 2]
 [0 2 0 2]]
Right

[[2 0 0 0]
 [0 0 2 0]
 [2 0 0 0]
 [4 0 0 0]]
Left

[[0 0 0 2]
 [0 2 0 2]
 [0 0 0 2]
 [0 0 0 4]]
Right

[[2 0 0 0]
 [4 0 0 0]
 [2 0 0 0]
 [4 0 0 2]]
Left

[[0 0 2 2]
 [0 0 0 4]
 [0 0 0 2]
 [0 0 4 2]]
Right

[[4 0 0 0]
 [4 0 2 0]
 [2 0 0 0]
 [4 2 0 0]]
Left

[[0 2 0 4]
 [0 0 4 2]
 [0 0 0 2]
 [0 0 4 2]]
Right

[[2 4 2 0]
 [4 2 0 0]
 [2 0 0 0]
 [4 2 0 0]]
Left

[[0 2 4 2]
 [0 2 4 2]
 [0 0 0 2]
 [0 0 4 2]]
Right

[[2 4 2 0]
 [2 4 2 0]
 [2 2 0 0]
 [4 2 0 0]]
Left

[[0 2 4 2]
 [0 2 4 2]
 [0 0 4 4]
 [0 0 4 2]]
Right

[[2 4 2 0]
 [2 4 2 0]
 [8 0 0 0]
 [4 2 2 0]]
Left

[[0 2 4 2]
 [0 2 4 2]
 [2 0 0 8]
 [0 0 4 4]]
Right

[[2 4 2 0]
 [2 4 2 0]
 [2 8 0 2]
 [8 0 0 0]]
Left

[[0 2 4 2]
 [2 2 4 2]
 [0 2 8 2]
 [0 0 0 8]]
Right

[[2 4 2 0]
 [4 4 2 0]
 [2 8 2 0]
 [8 0 2 0]]
Left

[[0 2 4 2]
 [0 0 8 2]
 [2 2 8 2]
 [0 0 8 2]]
Right

[[2 4 2 0]
 [8 2 0 2]
 [4 8 2 0]
 [8 2 0 0]]
Left

[[0 2 4 2]
 [2 0 8 4]
 [0 4 8 2]
 [0 0 8 2]]
Right

[[2 4 2 0]
 [2 8 4 0]
 [4 8 2 0]
 [8 2 0 2]]
Left

[[2 2 4 2]
 [0 2 8 4]
 [0 4 8 2]
 [0 0 8 4]]
Right

[[4 4 2 0]
 [2 8 4 0]
 [4 8 2 0]
 [8 4 2 0]]
Left

[[0 0 8 2]
 [0 2 8 4]
 [2 4 8 2]
 [0 8 4 2]]
Right

[[8 2 2 0]
 [2 8 4 0]
 [2 4 8 2]
 [8 4 2 0]]
Left

[[8 2 2 2]
 [4 8 4 0]
 [8 8 8 0]
 [0 0 2 2]]
Up

[[ 8  4  2  0]
 [ 4  8  4  0]
 [16  8  0  0]
 [ 4  0  0  4]]
Left

[[ 2  8  4  2]
 [ 0  4  8  4]
 [ 0  0 16  8]
 [ 0  0  0  8]]
Right

[[ 0  2  0  0]
 [ 0  0  4  2]
 [ 0  8  8  4]
 [ 2  4 16 16]]
Down

[[ 2  2  4  2]
 [ 0  8  8  4]
 [ 0  4 16 16]
 [ 0  0  2  0]]
Up

[[ 0  0  4  0]
 [ 0  2  8  2]
 [ 2  8 16  4]
 [ 2  4  2 16]]
Down

[[ 4  2  4  2]
 [ 0  8  8  4]
 [ 2  4 16 16]
 [ 0  0  2  0]]
Up

[[ 0  0  4  2]
 [ 0  2  8  2]
 [ 4  8 16  4]
 [ 2  4  2 16]]
Down

[[ 4  2  4  4]
 [ 2  8  8  4]
 [ 0  4 16 16]
 [ 0  2  2  0]]
Up

[[ 0  2  4  0]
 [ 2  8  8  0]
 [ 4  4 16  8]
 [ 2  2  2 16]]
Down

[[ 0  0  2  4]
 [ 0  2  2 16]
 [ 0  8 16  8]
 [ 0  2  4 16]]
Right

[[ 2  4  0  0]
 [ 4 16  0  2]
 [ 8 16  8  0]
 [ 2  4 16  0]]
Left

[[ 0  0  2  4]
 [ 2  4 16  2]
 [ 0  8 16  8]
 [ 0  2  4 16]]
Right

[[ 2  4  0  0]
 [ 2  4 16  2]
 [ 8 16  8  0]
 [ 2  4 16  2]]
Left

[[ 4  8 16  4]
 [ 8 16  8  2]
 [ 2  4 16  0]
 [ 0  0  0  0]]
Up

[[ 4  8 16  4]
 [ 8 16  8  2]
 [ 0  2  4 16]
 [ 0  2  0  0]]
Right

[[ 0  0  2  0]
 [ 0  8 16  4]
 [ 4 16  8  2]
 [ 8  4  4 16]]
Down

[[ 4  8  2  4]
 [ 8 16 16  2]
 [ 2  4  8 16]
 [ 0  0  4  0]]
Up

[[ 4  8  2  4]
 [ 8 32  2  0]
 [ 2  4  8 16]
 [ 4  2  0  0]]
Left

[[ 4  8  2  4]
 [ 0  8 32  2]
 [ 2  4  8 16]
 [ 2  0  4  2]]
Right

[[ 4  8  2  4]
 [ 8 32  2  0]
 [ 2  4  8 16]
 [ 2  4  2  2]]
Left

[[ 4  8  4  4]
 [ 8 32  8 16]
 [ 4  8  2  2]
 [ 0  0  2  0]]
Up

[[ 2  0  0  0]
 [ 4  8  4  4]
 [ 8 32  8 16]
 [ 4  8  4  2]]
Down

[[ 2  8  4  4]
 [ 4 32  8 16]
 [ 8  8  4  2]
 [ 4  0  2  0]]
Up

[[ 0  2  8  8]
 [ 4 32  8 16]
 [ 2 16  4  2]
 [ 0  0  4  2]]
Right

[[ 2 16  0  0]
 [ 4 32  8 16]
 [ 2 16  4  2]
 [ 4  2  0  2]]
Left

[[ 2 16  8 16]
 [ 4 32  4  4]
 [ 2 16  0  0]
 [ 4  2  0  2]]
Up

[[ 2 16  8 16]
 [ 0  4 32  8]
 [ 0  0  2 16]
 [ 0  2  4  4]]
Right

[[ 0  2  8 16]
 [ 0 16 32  8]
 [ 0  4  2 16]
 [ 2  2  4  4]]
Down

[[ 2  8 16  0]
 [16 32  8  0]
 [ 4  2 16  0]
 [ 4  8  4  0]]
Left

[[ 0  2  8 16]
 [ 0 16 32  8]
 [ 2  4  2 16]
 [ 0  4  8  4]]
Right

[[ 2  8 16  0]
 [16 32  8  0]
 [ 2  4  2 16]
 [ 4  8  4  2]]
Left

[[ 2  2  8 16]
 [ 0 16 32  8]
 [ 2  4  2 16]
 [ 4  8  4  2]]
Right

[[ 4  8 16  2]
 [16 32  8  0]
 [ 2  4  2 16]
 [ 4  8  4  2]]
Left

[[ 4  8 16  2]
 [16 32  8  0]
 [ 2  4  2 16]
 [ 4  8  4  2]]
Left

[[ 4  8 16  2]
 [16 32  8  0]
 [ 2  4  2 16]
 [ 4  8  4  2]]
Left

[[ 4  8 16  2]
 [16 32  8  0]
 [ 2  4  2 16]
 [ 4  8  4  2]]
Left

[[ 4  8 16  2]
 [16 32  8  0]
 [ 2  4  2 16]
 [ 4  8  4  2]]
Left


-----


[[2 0 0 2]
 [0 0 0 0]
 [0 0 2 0]
 [0 0 0 0]]
Up

[[0 0 0 0]
 [0 0 0 0]
 [0 4 0 0]
 [2 0 2 2]]
Down

[[2 4 2 2]
 [0 0 0 0]
 [0 0 0 0]
 [2 0 0 0]]
Up

[[0 0 0 0]
 [0 0 0 0]
 [0 0 0 2]
 [4 4 2 2]]
Down

[[4 4 2 4]
 [0 0 0 0]
 [0 0 0 0]
 [2 0 0 0]]
Up

[[0 8 2 4]
 [0 0 0 0]
 [2 0 0 0]
 [0 0 0 2]]
Right

[[8 2 4 0]
 [2 0 0 0]
 [2 0 0 0]
 [2 0 0 0]]
Left

[[0 8 2 4]
 [0 0 0 2]
 [0 0 0 2]
 [0 4 0 2]]
Right

[[8 2 4 0]
 [2 0 0 0]
 [2 0 0 0]
 [4 2 0 2]]
Left

[[0 8 2 4]
 [0 2 0 2]
 [0 0 0 2]
 [0 0 4 4]]
Right

[[8 2 4 0]
 [4 0 0 0]
 [2 0 2 0]
 [8 0 0 0]]
Left

[[0 8 2 4]
 [0 0 0 4]
 [0 0 0 4]
 [2 0 0 8]]
Right

[[8 2 4 0]
 [4 0 0 0]
 [4 0 0 0]
 [2 8 2 0]]
Left

[[0 8 2 4]
 [0 0 0 4]
 [0 0 0 4]
 [4 2 8 2]]
Right

[[8 2 4 0]
 [4 0 0 0]
 [4 0 0 2]
 [4 2 8 2]]
Left

[[8 4 4 4]
 [8 0 8 0]
 [4 0 0 0]
 [0 0 0 2]]
Up

[[ 2  0  0  0]
 [ 0  0  0  0]
 [16  0  4  4]
 [ 4  4  8  2]]
Down

[[ 2  4  4  4]
 [16  0  8  2]
 [ 4  0  0  0]
 [ 0  0  0  2]]
Up

[[ 0  0  0  0]
 [ 2  0  2  0]
 [16  0  4  4]
 [ 4  4  8  4]]
Down

[[ 2  4  2  8]
 [16  0  4  0]
 [ 4  0  8  0]
 [ 2  0  0  0]]
Up

[[ 2  4  2  8]
 [ 0  0 16  4]
 [ 0  0  4  8]
 [ 0  0  2  2]]
Right

[[ 2  4  2  8]
 [16  4  0  2]
 [ 4  8  0  0]
 [ 4  0  0  0]]
Left

[[ 2  4  2  8]
 [ 0 16  4  2]
 [ 0  2  4  8]
 [ 0  0  0  4]]
Right

[[ 0  0  0  8]
 [ 0  4  0  2]
 [ 2 16  2  8]
 [ 2  2  8  4]]
Down

[[ 4  4  2  8]
 [ 2 16  8  2]
 [ 0  2  0  8]
 [ 0  0  0  4]]
Up

[[ 0  2  0  8]
 [ 0  4  0  2]
 [ 4 16  2  8]
 [ 2  2  8  4]]
Down

[[ 4  2  2  8]
 [ 2  4  8  2]
 [ 0 16  0  8]
 [ 2  2  0  4]]
Up

[[ 4  4  8  4]
 [ 2  4  8  2]
 [16  8  0  0]
 [ 4  4  0  0]]
Left

[[ 0  8  8  4]
 [ 2  4  8  2]
 [ 0  0 16  8]
 [ 0  2  0  8]]
Right

[[16  4  0  2]
 [ 2  4  8  2]
 [16  8  0  0]
 [ 2  8  0  0]]
Left

[[ 0 16  4  2]
 [ 2  4  8  2]
 [ 2  0 16  8]
 [ 0  0  2  8]]
Right

[[16  4  2  0]
 [ 2  4  8  2]
 [ 2 16  8  0]
 [ 2  8  2  0]]
Left

[[ 2 16  4  2]
 [ 2  4  8  2]
 [ 0  2 16  8]
 [ 0  2  8  2]]
Right

[[ 0  0  4  0]
 [ 2 16  8  4]
 [ 0  4 16  8]
 [ 4  4  8  2]]
Down

[[ 2 16  4  4]
 [ 4  8  8  8]
 [ 0  0 16  2]
 [ 0  2  8  0]]
Up

[[ 2  0  4  0]
 [ 0 16  8  4]
 [ 2  8 16  8]
 [ 4  2  8  2]]
Down

[[ 4 16  4  4]
 [ 4  8  8  8]
 [ 2  2 16  2]
 [ 0  0  8  0]]
Up

[[ 2  0  4  0]
 [ 0 16  8  4]
 [ 8  8 16  8]
 [ 2  2  8  2]]
Down

[[ 2 16  4  4]
 [ 8  8  8  8]
 [ 2  2 16  2]
 [ 2  0  8  0]]
Up

[[ 0  2 16  8]
 [ 0  0 16 16]
 [ 2  4 16  2]
 [ 0  0  2  8]]
Right

[[ 2 16  8  0]
 [32  2  0  0]
 [ 2  4 16  2]
 [ 2  8  0  0]]
Left

[[ 0  2 16  8]
 [ 0  0 32  2]
 [ 2  4 16  2]
 [ 2  0  2  8]]
Right

[[ 2 16  8  2]
 [32  2  0  0]
 [ 2  4 16  2]
 [ 4  8  0  0]]
Left

[[ 2 16  8  2]
 [ 2  0 32  2]
 [ 2  4 16  2]
 [ 0  0  4  8]]
Right

[[ 2  0  8  0]
 [ 0  0 32  2]
 [ 2 16 16  4]
 [ 4  4  4  8]]
Down

[[ 4 16  8  2]
 [ 4  4 32  4]
 [ 4  0 16  8]
 [ 0  0  4  0]]
Up

[[ 2  0  8  0]
 [ 0  0 32  2]
 [ 4 16 16  4]
 [ 8  4  4  8]]
Down

[[ 2  8  0  0]
 [32  2  0  0]
 [ 4 32  4  2]
 [ 8  8  8  0]]
Left

[[ 2  8  4  2]
 [32  2  8  2]
 [ 4 32  0  0]
 [ 8  8  0  0]]
Up

[[ 2  8  4  2]
 [32  2  8  2]
 [ 0  0  4 32]
 [ 0  2  0 16]]
Right

[[ 0  0  0  0]
 [ 0  2  4  4]
 [ 2  8  8 32]
 [32  4  4 16]]
Down

[[ 2  2  4  4]
 [32  8  8 32]
 [ 0  4  4 16]
 [ 0  2  0  0]]
Up

[[ 0  2  0  0]
 [ 2  8  4  4]
 [ 2  4  8 32]
 [32  2  4 16]]
Down

[[ 4  2  4  4]
 [32  8  8 32]
 [ 0  4  4 16]
 [ 0  2  2  0]]
Up

[[ 0  2  4  0]
 [ 2  8  8  4]
 [ 4  4  4 32]
 [32  2  2 16]]
Down

[[ 0  0  2  4]
 [ 2  2 16  4]
 [ 0  4  8 32]
 [ 0 32  4 16]]
Right

[[ 2  4  0  0]
 [ 4 16  4  0]
 [ 4  8 32  2]
 [32  4 16  0]]
Left

[[ 2  0  2  4]
 [ 0  4 16  4]
 [ 4  8 32  2]
 [ 0 32  4 16]]
Right

[[ 4  4  0  2]
 [ 4 16  4  0]
 [ 4  8 32  2]
 [32  4 16  0]]
Left

[[ 0  2  8  2]
 [ 0  4 16  4]
 [ 4  8 32  2]
 [ 0 32  4 16]]
Right

[[ 2  8  2  2]
 [ 4 16  4  0]
 [ 4  8 32  2]
 [32  4 16  0]]
Left

[[ 0  8  2  2]
 [ 2 16  4  0]
 [ 8  8 32  0]
 [32  4 16  4]]
Down

[[ 8  4  0  0]
 [ 2 16  4  0]
 [16 32  2  0]
 [32  4 16  4]]
Left

[[ 0  0  8  4]
 [ 0  2 16  4]
 [ 2 16 32  2]
 [32  4 16  4]]
Right

[[ 8  4  0  2]
 [ 2 16  4  0]
 [ 2 16 32  2]
 [32  4 16  4]]
Left

[[ 8  4  2  0]
 [ 2 16  4  2]
 [ 2 16 32  2]
 [32  4 16  4]]
Left

[[ 8  4  2  0]
 [ 2 16  4  2]
 [ 2 16 32  2]
 [32  4 16  4]]
Left

[[ 8  4  2  0]
 [ 2 16  4  2]
 [ 2 16 32  2]
 [32  4 16  4]]
Left

[[ 8  4  2  0]
 [ 2 16  4  2]
 [ 2 16 32  2]
 [32  4 16  4]]
Left

[[ 8  4  2  0]
 [ 2 16  4  2]
 [ 2 16 32  2]
 [32  4 16  4]]
Left


-----


