[[4 0 0 2]
 [0 0 0 0]
 [0 0 0 0]
 [0 0 0 0]]
Up

[[4 0 0 2]
 [0 0 0 0]
 [0 0 0 0]
 [0 0 0 0]]
Up

[[4 0 0 2]
 [0 0 0 0]
 [0 0 0 0]
 [0 0 0 0]]
Up

[[4 0 0 2]
 [0 0 0 0]
 [0 0 0 0]
 [0 0 0 0]]
Up

[[4 0 0 2]
 [0 0 0 0]
 [0 0 0 0]
 [0 0 0 0]]
Up


-----


[[2 0 0 2]
 [0 4 0 0]
 [0 0 0 0]
 [0 0 0 0]]
Up

[[2 4 0 2]
 [0 0 0 2]
 [0 0 0 0]
 [0 0 0 0]]
Up

[[2 4 0 4]
 [0 0 2 0]
 [0 0 0 0]
 [0 0 0 0]]
Up

[[2 4 2 4]
 [0 0 0 0]
 [2 0 0 0]
 [0 0 0 0]]
Up

[[4 4 2 4]
 [0 0 0 0]
 [0 0 0 0]
 [0 0 2 0]]
Up

[[4 4 4 4]
 [0 0 0 0]
 [0 0 0 0]
 [0 2 0 0]]
Up

[[4 4 4 4]
 [0 2 0 0]
 [0 2 0 0]
 [0 0 0 0]]
Up

[[4 4 4 4]
 [0 4 0 0]
 [0 0 0 0]
 [0 2 0 0]]
Up

[[4 8 4 4]
 [0 2 0 0]
 [0 0 0 0]
 [0 0 0 2]]
Up

[[4 8 4 4]
 [0 2 2 2]
 [0 0 0 0]
 [0 0 0 0]]
Up

[[4 8 4 4]
 [0 2 2 2]
 [0 0 0 0]
 [0 0 0 0]]
Up

[[4 8 4 4]
 [0 2 2 2]
 [0 0 0 0]
 [0 0 0 0]]
Up

[[4 8 4 4]
 [0 2 2 2]
 [0 0 0 0]
 [0 0 0 0]]
Up

[[4 8 4 4]
 [0 2 2 2]
 [0 0 0 0]
 [0 0 0 0]]
Up


-----


[[0 4 0 0]
 [0 0 2 0]
 [0 0 0 0]
 [0 0 0 0]]
Up

[[0 4 2 0]
 [0 0 0 0]
 [0 0 2 0]
 [0 0 0 0]]
Up

[[0 4 4 0]
 [0 0 0 0]
 [0 0 0 0]
 [0 0 2 0]]
Up

[[2 4 4 0]
 [0 0 2 0]
 [0 0 0 0]
 [0 0 0 0]]
Up

[[2 4 4 0]
 [0 0 2 0]
 [0 0 0 0]
 [0 0 0 0]]
Up

[[2 4 4 0]
 [0 0 2 0]
 [0 0 0 0]
 [0 0 0 0]]
Up

[[2 4 4 0]
 [0 0 2 0]
 [0 0 0 0]
 [0 0 0 0]]
Up

[[2 4 4 0]
 [0 0 2 0]
 [0 0 0 0]
 [0 0 0 0]]
Up


-----


[[2 2 2 0]
 [0 0 0 0]
 [0 0 0 0]
 [0 0 0 0]]
Up

[[2 2 2 0]
 [0 0 0 0]
 [0 0 0 0]
 [0 0 0 0]]
Up

[[2 2 2 0]
 [0 0 0 0]
 [0 0 0 0]
 [0 0 0 0]]
Up

[[2 2 2 0]
 [0 0 0 0]
 [0 0 0 0]
 [0 0 0 0]]
Up

[[2 2 2 0]
 [0 0 0 0]
 [0 0 0 0]
 [0 0 0 0]]
Up


-----


[[0 0 4 4]
 [0 0 0 0]
 [2 0 0 0]
 [0 0 0 0]]
Up

[[2 0 4 4]
 [0 0 0 0]
 [0 0 2 0]
 [0 0 0 0]]
Up

[[2 0 4 4]
 [0 0 2 0]
 [0 0 2 0]
 [0 0 0 0]]
Up

[[2 0 4 4]
 [0 2 4 0]
 [0 0 0 0]
 [0 0 0 0]]
Up

[[2 2 8 4]
 [0 0 0 0]
 [2 0 0 0]
 [0 0 0 0]]
Up

[[4 2 8 4]
 [0 0 0 0]
 [0 0 0 0]
 [0 0 2 0]]
Up

[[4 2 8 4]
 [0 2 2 0]
 [0 0 0 0]
 [0 0 0 0]]
Up

[[4 4 8 4]
 [0 0 2 0]
 [0 0 0 0]
 [0 4 0 0]]
Up

[[4 8 8 4]
 [0 0 2 0]
 [0 0 0 0]
 [0 2 0 0]]
Up

[[4 8 8 4]
 [0 2 2 0]
 [0 0 0 0]
 [0 0 0 4]]
Up

[[4 8 8 8]
 [0 2 2 0]
 [0 0 2 0]
 [0 0 0 0]]
Up

[[4 8 8 8]
 [0 2 4 0]
 [0 0 0 0]
 [2 0 0 0]]
Up

[[4 8 8 8]
 [2 2 4 0]
 [4 0 0 0]
 [0 0 0 0]]
Up

[[4 8 8 8]
 [2 2 4 0]
 [4 0 0 0]
 [0 0 0 0]]
Up

[[4 8 8 8]
 [2 2 4 0]
 [4 0 0 0]
 [0 0 0 0]]
Up

[[4 8 8 8]
 [2 2 4 0]
 [4 0 0 0]
 [0 0 0 0]]
Up

[[4 8 8 8]
 [2 2 4 0]
 [4 0 0 0]
 [0 0 0 0]]
Up


-----


[[2 2 0 0]
 [0 0 0 0]
 [0 0 0 0]
 [0 0 0 2]]
Up

[[2 2 2 2]
 [0 0 0 0]
 [0 0 0 0]
 [0 0 0 0]]
Up

[[2 2 2 2]
 [0 0 0 0]
 [0 0 0 0]
 [0 0 0 0]]
Up

[[2 2 2 2]
 [0 0 0 0]
 [0 0 0 0]
 [0 0 0 0]]
Up

[[2 2 2 2]
 [0 0 0 0]
 [0 0 0 0]
 [0 0 0 0]]
Up

[[2 2 2 2]
 [0 0 0 0]
 [0 0 0 0]
 [0 0 0 0]]
Up


-----


[[2 2 0 0]
 [0 0 0 0]
 [2 0 0 0]
 [0 0 0 0]]
Up

[[4 2 0 0]
 [0 0 0 0]
 [0 0 0 0]
 [0 0 0 2]]
Up

[[4 2 0 2]
 [0 0 0 0]
 [0 0 0 0]
 [2 0 0 0]]
Up

[[4 2 0 2]
 [2 0 0 2]
 [0 0 0 0]
 [0 0 0 0]]
Up

[[4 2 0 4]
 [2 0 0 0]
 [0 0 0 2]
 [0 0 0 0]]
Up

[[4 2 2 4]
 [2 0 0 2]
 [0 0 0 0]
 [0 0 0 0]]
Up

[[4 2 2 4]
 [2 0 0 2]
 [0 0 0 0]
 [0 0 0 0]]
Up

[[4 2 2 4]
 [2 0 0 2]
 [0 0 0 0]
 [0 0 0 0]]
Up

[[4 2 2 4]
 [2 0 0 2]
 [0 0 0 0]
 [0 0 0 0]]
Up

[[4 2 2 4]
 [2 0 0 2]
 [0 0 0 0]
 [0 0 0 0]]
Up


-----


[[2 0 4 0]
 [0 0 0 0]
 [0 0 0 0]
 [0 0 0 0]]
Up

[[2 0 4 0]
 [0 0 0 0]
 [0 0 0 0]
 [0 0 0 0]]
Up

[[2 0 4 0]
 [0 0 0 0]
 [0 0 0 0]
 [0 0 0 0]]
Up

[[2 0 4 0]
 [0 0 0 0]
 [0 0 0 0]
 [0 0 0 0]]
Up

[[2 0 4 0]
 [0 0 0 0]
 [0 0 0 0]
 [0 0 0 0]]
Up


-----


[[0 0 0 4]
 [0 0 0 0]
 [0 0 2 0]
 [0 0 0 0]]
Up

[[0 0 2 4]
 [0 0 0 0]
 [0 0 0 0]
 [0 0 2 0]]
Up

[[0 0 4 4]
 [0 0 0 2]
 [0 0 0 0]
 [0 0 0 0]]
Up

[[0 0 4 4]
 [0 0 0 2]
 [0 0 0 0]
 [0 0 0 0]]
Up

[[0 0 4 4]
 [0 0 0 2]
 [0 0 0 0]
 [0 0 0 0]]
Up

[[0 0 4 4]
 [0 0 0 2]
 [0 0 0 0]
 [0 0 0 0]]
Up

[[0 0 4 4]
 [0 0 0 2]
 [0 0 0 0]
 [0 0 0 0]]
Up


-----


[[2 0 0 2]
 [0 0 0 0]
 [0 0 2 0]
 [0 0 0 0]]
Up

[[2 0 2 2]
 [0 0 0 0]
 [0 0 0 0]
 [4 0 0 0]]
Up

[[2 0 2 2]
 [4 0 0 0]
 [0 0 0 0]
 [2 0 0 0]]
Up

[[2 0 2 2]
 [4 0 0 0]
 [2 0 0 0]
 [0 0 0 2]]
Up

[[2 0 2 4]
 [4 0 0 0]
 [2 0 0 0]
 [0 2 0 0]]
Up

[[2 2 2 4]
 [4 0 0 0]
 [2 0 2 0]
 [0 0 0 0]]
Up

[[2 2 4 4]
 [4 0 2 0]
 [2 0 0 0]
 [0 0 0 0]]
Up

[[2 2 4 4]
 [4 0 2 0]
 [2 0 0 0]
 [0 0 0 0]]
Up

[[2 2 4 4]
 [4 0 2 0]
 [2 0 0 0]
 [0 0 0 0]]
Up

[[2 2 4 4]
 [4 0 2 0]
 [2 0 0 0]
 [0 0 0 0]]
Up

[[2 2 4 4]
 [4 0 2 0]
 [2 0 0 0]
 [0 0 0 0]]
Up


-----


[[4 0 0 2]
 [0 0 0 0]
 [0 0 0 0]
 [0 2 0 0]]
Up

[[4 2 0 2]
 [0 0 0 0]
 [0 2 0 0]
 [0 0 0 0]]
Up

[[4 4 0 2]
 [0 0 0 0]
 [2 0 0 0]
 [0 0 0 0]]
Up

[[4 4 0 2]
 [2 0 0 0]
 [0 0 0 0]
 [0 0 2 0]]
Up

[[4 4 2 2]
 [2 0 0 4]
 [0 0 0 0]
 [0 0 0 0]]
Up

[[4 4 2 2]
 [2 0 0 4]
 [0 0 0 0]
 [0 0 0 0]]
Up

[[4 4 2 2]
 [2 0 0 4]
 [0 0 0 0]
 [0 0 0 0]]
Up

[[4 4 2 2]
 [2 0 0 4]
 [0 0 0 0]
 [0 0 0 0]]
Up

[[4 4 2 2]
 [2 0 0 4]
 [0 0 0 0]
 [0 0 0 0]]
Up


-----


[[2 0 0 2]
 [0 0 0 0]
 [2 0 0 0]
 [0 0 0 0]]
Up

[[4 0 0 2]
 [4 0 0 0]
 [0 0 0 0]
 [0 0 0 0]]
Up

[[8 0 0 2]
 [0 0 0 0]
 [0 2 0 0]
 [0 0 0 0]]
Up

[[8 2 0 2]
 [4 0 0 0]
 [0 0 0 0]
 [0 0 0 0]]
Up

[[8 2 0 2]
 [4 0 0 0]
 [0 0 0 0]
 [0 0 0 0]]
Up

[[8 2 0 2]
 [4 0 0 0]
 [0 0 0 0]
 [0 0 0 0]]
Up

[[8 2 0 2]
 [4 0 0 0]
 [0 0 0 0]
 [0 0 0 0]]
Up

[[8 2 0 2]
 [4 0 0 0]
 [0 0 0 0]
 [0 0 0 0]]
Up


-----


[[0 0 2 2]
 [0 0 0 0]
 [0 0 2 0]
 [0 0 0 0]]
Up

[[0 0 4 2]
 [0 0 2 0]
 [0 0 0 0]
 [0 0 0 0]]
Up

[[0 0 4 2]
 [0 0 2 0]
 [0 0 0 0]
 [0 0 0 0]]
Up

[[0 0 4 2]
 [0 0 2 0]
 [0 0 0 0]
 [0 0 0 0]]
Up

[[0 0 4 2]
 [0 0 2 0]
 [0 0 0 0]
 [0 0 0 0]]
Up

[[0 0 4 2]
 [0 0 2 0]
 [0 0 0 0]
 [0 0 0 0]]
Up


-----


[[2 2 0 0]
 [2 0 0 0]
 [0 0 0 0]
 [0 0 0 0]]
Up

[[4 2 0 4]
 [0 0 0 0]
 [0 0 0 0]
 [0 0 0 0]]
Up

[[4 2 0 4]
 [0 0 0 0]
 [0 0 0 0]
 [0 0 0 0]]
Up

[[4 2 0 4]
 [0 0 0 0]
 [0 0 0 0]
 [0 0 0 0]]
Up

[[4 2 0 4]
 [0 0 0 0]
 [0 0 0 0]
 [0 0 0 0]]
Up

[[4 2 0 4]
 [0 0 0 0]
 [0 0 0 0]
 [0 0 0 0]]
Up


-----


[[0 2 2 0]
 [0 0 2 0]
 [0 0 0 0]
 [0 0 0 0]]
Up

[[0 2 4 0]
 [0 0 0 0]
 [0 0 2 0]
 [0 0 0 0]]
Up

[[0 2 4 2]
 [0 0 2 0]
 [0 0 0 0]
 [0 0 0 0]]
Up

[[0 2 4 2]
 [0 0 2 0]
 [0 0 0 0]
 [0 0 0 0]]
Up

[[0 2 4 2]
 [0 0 2 0]
 [0 0 0 0]
 [0 0 0 0]]
Up

[[0 2 4 2]
 [0 0 2 0]
 [0 0 0 0]
 [0 0 0 0]]
Up

[[0 2 4 2]
 [0 0 2 0]
 [0 0 0 0]
 [0 0 0 0]]
Up


-----


[[0 2 0 2]
 [0 0 0 0]
 [2 0 0 0]
 [0 0 0 0]]
Up

[[2 2 0 2]
 [0 0 0 0]
 [0 0 2 0]
 [0 0 0 0]]
Up

[[2 2 2 2]
 [0 0 0 0]
 [0 2 0 0]
 [0 0 0 0]]
Up

[[2 4 2 2]
 [0 0 0 0]
 [2 0 0 0]
 [0 0 0 0]]
Up

[[4 4 2 2]
 [0 0 4 0]
 [0 0 0 0]
 [0 0 0 0]]
Up

[[4 4 2 2]
 [0 0 4 0]
 [0 0 0 0]
 [0 0 0 0]]
Up

[[4 4 2 2]
 [0 0 4 0]
 [0 0 0 0]
 [0 0 0 0]]
Up

[[4 4 2 2]
 [0 0 4 0]
 [0 0 0 0]
 [0 0 0 0]]
Up

[[4 4 2 2]
 [0 0 4 0]
 [0 0 0 0]
 [0 0 0 0]]
Up


-----


[[2 2 2 0]
 [0 0 0 0]
 [0 0 0 0]
 [0 0 0 0]]
Up

[[2 2 2 0]
 [0 0 0 0]
 [0 0 0 0]
 [0 0 0 0]]
Up

[[2 2 2 0]
 [0 0 0 0]
 [0 0 0 0]
 [0 0 0 0]]
Up

[[2 2 2 0]
 [0 0 0 0]
 [0 0 0 0]
 [0 0 0 0]]
Up

[[2 2 2 0]
 [0 0 0 0]
 [0 0 0 0]
 [0 0 0 0]]
Up


-----


[[0 2 0 2]
 [0 0 0 0]
 [0 0 0 0]
 [0 0 0 0]]
Up

[[0 2 0 2]
 [0 0 0 0]
 [0 0 0 0]
 [0 0 0 0]]
Up

[[0 2 0 2]
 [0 0 0 0]
 [0 0 0 0]
 [0 0 0 0]]
Up

[[0 2 0 2]
 [0 0 0 0]
 [0 0 0 0]
 [0 0 0 0]]
Up


-----


[[0 0 0 4]
 [0 0 0 0]
 [0 0 0 0]
 [0 0 0 2]]
Up

[[0 0 0 4]
 [0 0 0 2]
 [0 0 0 0]
 [0 0 0 2]]
Up

[[0 0 0 4]
 [0 0 0 4]
 [0 0 0 0]
 [2 0 0 0]]
Up

[[2 0 0 8]
 [0 0 0 0]
 [0 0 2 0]
 [0 0 0 0]]
Up

[[2 0 2 8]
 [0 0 0 0]
 [0 0 0 0]
 [0 2 0 0]]
Up

[[2 2 2 8]
 [0 0 0 2]
 [0 0 0 0]
 [0 0 0 0]]
Up

[[2 2 2 8]
 [0 0 0 2]
 [0 0 0 0]
 [0 0 0 0]]
Up

[[2 2 2 8]
 [0 0 0 2]
 [0 0 0 0]
 [0 0 0 0]]
Up

[[2 2 2 8]
 [0 0 0 2]
 [0 0 0 0]
 [0 0 0 0]]
Up

[[2 2 2 8]
 [0 0 0 2]
 [0 0 0 0]
 [0 0 0 0]]
Up


-----


[[0 2 2 0]
 [0 0 0 0]
 [2 0 0 0]
 [0 0 0 0]]
Up

[[2 2 2 0]
 [0 0 0 2]
 [0 0 0 0]
 [0 0 0 0]]
Up

[[2 2 2 2]
 [0 0 0 2]
 [0 0 0 0]
 [0 0 0 0]]
Up

[[2 2 2 4]
 [0 0 0 0]
 [0 0 2 0]
 [0 0 0 0]]
Up

[[2 2 4 4]
 [0 0 4 0]
 [0 0 0 0]
 [0 0 0 0]]
Up

[[2 2 8 4]
 [0 0 0 0]
 [0 0 0 0]
 [0 0 0 2]]
Up

[[2 2 8 4]
 [0 0 0 2]
 [2 0 0 0]
 [0 0 0 0]]
Up

[[4 2 8 4]
 [0 0 0 2]
 [0 0 0 2]
 [0 0 0 0]]
Up

[[4 2 8 4]
 [0 0 0 4]
 [0 0 0 0]
 [0 0 2 0]]
Up

[[4 2 8 8]
 [0 0 2 0]
 [0 2 0 0]
 [0 0 0 0]]
Up

[[4 4 8 8]
 [0 0 2 0]
 [0 2 0 0]
 [0 0 0 0]]
Up

[[4 4 8 8]
 [0 2 2 0]
 [0 0 0 0]
 [0 0 0 2]]
Up

[[4 4 8 8]
 [0 2 2 2]
 [0 0 0 2]
 [0 0 0 0]]
Up

[[4 4 8 8]
 [0 2 2 4]
 [0 0 0 0]
 [0 2 0 0]]
Up

[[4 4 8 8]
 [0 4 2 4]
 [0 0 0 2]
 [0 0 0 0]]
Up

[[4 8 8 8]
 [0 0 2 4]
 [0 0 2 2]
 [0 0 0 0]]
Up

[[4 8 8 8]
 [0 0 4 4]
 [0 0 0 2]
 [0 0 4 0]]
Up

[[4 8 8 8]
 [0 0 8 4]
 [0 2 0 2]
 [0 0 0 0]]
Up

[[ 4  8 16  8]
 [ 0  2  0  4]
 [ 2  0  0  2]
 [ 0  0  0  0]]
Up

[[ 4  8 16  8]
 [ 2  2  2  4]
 [ 0  0  0  2]
 [ 0  0  0  0]]
Up

[[ 4  8 16  8]
 [ 2  2  2  4]
 [ 0  0  0  2]
 [ 0  0  0  0]]
Up

[[ 4  8 16  8]
 [ 2  2  2  4]
 [ 0  0  0  2]
 [ 0  0  0  0]]
Up

[[ 4  8 16  8]
 [ 2  2  2  4]
 [ 0  0  0  2]
 [ 0  0  0  0]]
Up

[[ 4  8 16  8]
 [ 2  2  2  4]
 [ 0  0  0  2]
 [ 0  0  0  0]]
Up


-----


