[[4 0 0 2]
 [0 0 0 0]
 [0 0 0 0]
 [0 0 0 0]]
Up

[[4 2 0 0]
 [0 0 0 0]
 [0 0 0 0]
 [0 4 0 0]]
Left

[[4 2 0 0]
 [0 4 0 0]
 [0 0 0 0]
 [0 0 0 2]]
Up

[[4 2 0 0]
 [4 0 0 0]
 [0 0 0 2]
 [2 0 0 0]]
Left

[[4 2 0 0]
 [4 0 4 0]
 [2 0 0 0]
 [2 0 0 0]]
Left

[[8 2 4 0]
 [4 0 0 0]
 [0 0 0 0]
 [0 2 0 0]]
Up

[[0 0 0 0]
 [0 0 2 0]
 [8 0 0 0]
 [4 4 4 0]]
Down

[[8 4 2 2]
 [4 0 4 0]
 [0 0 0 0]
 [0 0 0 0]]
Up

[[8 4 4 0]
 [8 2 0 0]
 [0 0 0 0]
 [0 0 0 0]]
Left

[[ 0  0  0  0]
 [ 0  0  0  0]
 [ 0  4  0  2]
 [16  2  4  0]]
Down

[[ 0  0  0  0]
 [ 0  2  0  0]
 [ 4  2  0  0]
 [16  2  4  0]]
Left

[[ 0  0  0  0]
 [ 2  0  0  2]
 [ 0  0  4  2]
 [ 0 16  2  4]]
Right

[[ 2  0  0  0]
 [ 4  0  0  0]
 [ 4  2  0  0]
 [16  2  4  0]]
Left

[[ 0  0  0  2]
 [ 0  0  0  4]
 [ 2  0  4  2]
 [ 0 16  2  4]]
Right

[[ 2  0  0  0]
 [ 4  0  0  0]
 [ 2  4  2  2]
 [16  2  4  0]]
Left

[[ 0  0  0  2]
 [ 4  0  0  4]
 [ 0  2  4  4]
 [ 0 16  2  4]]
Right

[[ 2  0  0  0]
 [ 8  4  0  0]
 [ 2  8  0  0]
 [16  2  4  0]]
Left

[[ 2  4  4  0]
 [ 8  8  0  0]
 [ 2  2  0  0]
 [16  2  0  0]]
Up

[[ 2  4  4  0]
 [ 8  8  0  0]
 [ 2  4  0  0]
 [16  2  0  0]]
Up

[[ 2  4  0  0]
 [ 8  8  2  0]
 [ 2  4  0  0]
 [16  2  4  0]]
Down

[[ 0  0  2  4]
 [ 0  0 16  2]
 [ 0  2  2  4]
 [ 0 16  2  4]]
Right

[[ 2  4  0  0]
 [16  2  0  2]
 [ 4  4  0  0]
 [16  2  4  0]]
Left

[[ 0  0  2  4]
 [ 0  0 16  4]
 [ 0  2  0  8]
 [ 0 16  2  4]]
Right

[[ 2  4  0  0]
 [16  4  0  0]
 [ 2  8  0  0]
 [16  2  4  4]]
Left

[[ 0  0  2  4]
 [ 0  0 16  4]
 [ 2  0  2  8]
 [ 0 16  2  8]]
Right

[[ 2  4  0  0]
 [16  4  0  0]
 [ 4  8  2  0]
 [16  2  8  0]]
Left

[[ 0  0  2  4]
 [ 0  2 16  4]
 [ 0  4  8  2]
 [ 0 16  2  8]]
Right

[[ 2  4  0  2]
 [ 2 16  4  0]
 [ 4  8  2  0]
 [16  2  8  0]]
Left

[[ 0  2  4  2]
 [ 2  2 16  4]
 [ 0  4  8  2]
 [ 0 16  2  8]]
Right

[[ 2  4  2  2]
 [ 4 16  4  0]
 [ 4  8  2  0]
 [16  2  8  0]]
Left

[[ 0  2  4  4]
 [ 2  4 16  4]
 [ 0  4  8  2]
 [ 0 16  2  8]]
Right

[[ 2  2  4  8]
 [ 0  8 16  2]
 [ 0 16  8  8]
 [ 0  0  2  2]]
Up

[[ 4  4  8  0]
 [ 8 16  2  0]
 [16 16  0  0]
 [ 4  0  2  0]]
Left

[[ 8  8  0  0]
 [ 8 16  2  0]
 [32  0  0  0]
 [ 4  2  0  2]]
Left

[[ 0  0  0 16]
 [ 0  8 16  2]
 [ 0  2  0 32]
 [ 0  0  4  4]]
Right

[[16  0  2  0]
 [ 8 16  2  0]
 [ 2 32  0  0]
 [ 8  0  0  0]]
Left

[[ 0  0 16  2]
 [ 0  8 16  2]
 [ 0  0  2 32]
 [ 2  0  0  8]]
Right

[[16  2  0  2]
 [ 8 16  2  0]
 [ 2 32  0  0]
 [ 2  8  0  0]]
Left

[[ 0  0 16  4]
 [ 0  8 16  2]
 [ 0  0  2 32]
 [ 0  2  2  8]]
Right

[[16  4  0  2]
 [ 8 16  2  0]
 [ 2 32  0  0]
 [ 4  8  0  0]]
Left

[[ 0 16  4  2]
 [ 0  8 16  2]
 [ 0  0  2 32]
 [ 0  2  4  8]]
Right

[[16  4  2  0]
 [ 8 16  2  2]
 [ 2 32  0  0]
 [ 2  4  8  0]]
Left

[[16  4  2  0]
 [ 8 16  4  0]
 [ 2 32  0  2]
 [ 2  4  8  0]]
Left

[[16  4  2  2]
 [ 8 16  4  0]
 [ 4 32  8  0]
 [ 0  4  0  2]]
Up

[[16  4  4  0]
 [ 8 16  4  0]
 [ 4 32  8  2]
 [ 4  2  0  0]]
Left

[[ 0  0 16  8]
 [ 0  8 16  4]
 [ 4 32  8  2]
 [ 4  0  4  2]]
Right

[[16  8  0  0]
 [ 8 16  4  2]
 [ 4 32  8  2]
 [ 8  2  0  0]]
Left

[[16  8  0  0]
 [ 8 16  4  2]
 [ 4 32  8  2]
 [ 8  2  0  0]]
Left

[[16  8  0  0]
 [ 8 16  4  2]
 [ 4 32  8  2]
 [ 8  2  0  0]]
Left

[[16  8  0  0]
 [ 8 16  4  2]
 [ 4 32  8  2]
 [ 8  2  0  0]]
Left

[[16  8  0  0]
 [ 8 16  4  2]
 [ 4 32  8  2]
 [ 8  2  0  0]]
Left


-----


[[0 0 0 4]
 [0 0 0 0]
 [0 0 0 0]
 [4 0 0 0]]
Left

[[4 0 0 0]
 [0 2 0 0]
 [0 0 0 0]
 [4 0 0 0]]
Left

[[8 2 0 0]
 [0 2 0 0]
 [0 0 0 0]
 [0 0 0 0]]
Up

[[0 0 8 2]
 [0 0 0 2]
 [2 0 0 0]
 [0 0 0 0]]
Right

[[8 2 0 0]
 [2 0 0 0]
 [2 0 0 0]
 [0 0 2 0]]
Left

[[0 0 8 2]
 [0 0 0 2]
 [0 0 0 2]
 [2 0 0 2]]
Right

[[8 2 0 0]
 [2 0 0 2]
 [2 0 0 0]
 [4 0 0 0]]
Left

[[0 0 8 2]
 [0 0 0 4]
 [0 0 0 2]
 [2 0 0 4]]
Right

[[8 2 0 0]
 [4 0 0 0]
 [2 0 0 0]
 [2 4 0 2]]
Left

[[8 2 0 2]
 [4 4 2 0]
 [4 0 0 0]
 [0 0 0 0]]
Up

[[0 0 8 4]
 [0 0 8 2]
 [0 2 0 4]
 [0 0 0 0]]
Right

[[8 4 0 0]
 [8 2 2 0]
 [2 4 0 0]
 [0 0 0 0]]
Left

[[0 0 8 4]
 [0 0 8 4]
 [2 0 2 4]
 [0 0 0 0]]
Right

[[8 4 0 0]
 [8 4 0 0]
 [4 4 4 0]
 [0 0 0 0]]
Left

[[ 0  4  0  0]
 [ 0  0  0  0]
 [16  4  0  0]
 [ 4  8  4  0]]
Down

[[16  8  4  0]
 [ 4  8  0  0]
 [ 0  0  0  0]
 [ 2  0  0  0]]
Up

[[ 0  0  0  0]
 [16  0  0  0]
 [ 4  2  0  0]
 [ 2 16  4  0]]
Down

[[ 0  4  0  0]
 [ 0  0  0 16]
 [ 0  0  4  2]
 [ 0  2 16  4]]
Right

[[ 4  0  0  2]
 [16  0  0  0]
 [ 4  2  0  0]
 [ 2 16  4  0]]
Left

[[ 2  0  4  2]
 [ 0  0  0 16]
 [ 0  0  4  2]
 [ 0  2 16  4]]
Right

[[ 2  4  2  0]
 [16  0  2  0]
 [ 4  2  0  0]
 [ 2 16  4  0]]
Left

[[ 0  2  4  2]
 [ 0  0 16  2]
 [ 4  0  4  2]
 [ 0  2 16  4]]
Right

[[ 2  4  2  0]
 [16  2  0  0]
 [ 8  2  0  2]
 [ 2 16  4  0]]
Left

[[ 0  2  4  2]
 [ 0  0 16  2]
 [ 2  0  8  4]
 [ 0  2 16  4]]
Right

[[ 2  4  2  0]
 [16  2  0  2]
 [ 2  8  4  0]
 [ 2 16  4  0]]
Left

[[ 0  4  0  0]
 [ 2  2  2  0]
 [16  8  2  0]
 [ 4 16  8  2]]
Down

[[ 0  0  0  4]
 [ 0  2  2  4]
 [ 0 16  8  2]
 [ 4 16  8  2]]
Right

[[ 4  0  2  0]
 [ 4  4  0  0]
 [16  8  2  0]
 [ 4 16  8  2]]
Left

[[ 8  4  4  2]
 [16  8  8  0]
 [ 4 16  0  0]
 [ 0  2  0  0]]
Up

[[ 0  4  0  0]
 [ 8  8  2  0]
 [16 16  4  0]
 [ 4  2  8  2]]
Down

[[ 4  0  0  0]
 [16  2  2  0]
 [32  4  0  0]
 [ 4  2  8  2]]
Left

[[ 0  0  0  4]
 [ 0  0 16  4]
 [ 2  0 32  4]
 [ 4  2  8  2]]
Right

[[ 4  0  0  0]
 [16  4  0  0]
 [ 2 32  4  2]
 [ 4  2  8  2]]
Left

[[ 4  0  0  0]
 [16  4  0  0]
 [ 2 32  4  2]
 [ 4  2  8  2]]
Left

[[ 4  0  0  0]
 [16  4  0  0]
 [ 2 32  4  2]
 [ 4  2  8  2]]
Left

[[ 4  0  0  0]
 [16  4  0  0]
 [ 2 32  4  2]
 [ 4  2  8  2]]
Left

[[ 4  0  0  0]
 [16  4  0  0]
 [ 2 32  4  2]
 [ 4  2  8  2]]
Left


-----


[[2 0 0 0]
 [2 0 2 0]
 [0 0 0 0]
 [0 0 0 0]]
Left

[[2 0 0 0]
 [4 0 0 0]
 [0 0 2 0]
 [0 0 0 0]]
Left

[[2 0 0 0]
 [4 0 0 0]
 [2 0 0 0]
 [0 0 2 0]]
Left

[[2 2 0 0]
 [4 0 0 0]
 [2 0 0 0]
 [2 0 0 0]]
Left

[[0 0 0 2]
 [2 0 0 0]
 [4 0 0 0]
 [4 2 0 0]]
Down

[[0 0 0 2]
 [0 0 0 2]
 [2 0 0 4]
 [0 0 4 2]]
Right

[[2 0 0 0]
 [2 0 0 0]
 [2 4 2 0]
 [4 2 0 0]]
Left

[[0 0 0 2]
 [0 0 0 2]
 [2 2 4 2]
 [0 0 4 2]]
Right

[[2 0 0 0]
 [2 0 0 0]
 [4 4 2 0]
 [4 2 0 2]]
Left

[[0 0 0 2]
 [0 0 0 2]
 [0 0 8 2]
 [0 2 4 4]]
Right

[[2 2 0 0]
 [2 0 0 0]
 [8 2 0 0]
 [2 8 0 0]]
Left

[[0 2 0 4]
 [0 0 0 2]
 [0 0 8 2]
 [0 0 2 8]]
Right

[[2 4 0 0]
 [2 0 0 0]
 [8 2 0 2]
 [2 8 0 0]]
Left

[[0 0 2 4]
 [0 0 0 2]
 [0 0 8 4]
 [0 2 2 8]]
Right

[[2 4 0 0]
 [2 0 0 0]
 [8 4 0 0]
 [4 8 0 2]]
Left

[[0 0 2 4]
 [0 0 0 2]
 [0 0 8 4]
 [2 4 8 2]]
Right

[[2 4 0 0]
 [2 0 0 2]
 [8 4 0 0]
 [2 4 8 2]]
Left

[[4 8 8 4]
 [8 4 2 0]
 [2 0 0 0]
 [0 0 0 0]]
Up

[[0 0 0 2]
 [4 0 0 0]
 [8 8 8 0]
 [2 4 2 4]]
Down

[[4 8 8 2]
 [8 4 2 4]
 [2 0 0 0]
 [0 0 0 2]]
Up

[[ 4 16  2  0]
 [ 8  4  2  4]
 [ 2  0  0  0]
 [ 2  2  0  0]]
Left

[[ 4 16  2  0]
 [ 8  4  2  4]
 [ 2  0  0  0]
 [ 4  2  0  0]]
Left

[[ 0  4 16  2]
 [ 8  4  2  4]
 [ 0  0  0  2]
 [ 2  0  4  2]]
Right

[[ 4 16  2  0]
 [ 8  4  2  4]
 [ 2  0  2  0]
 [ 2  4  2  0]]
Left

[[ 4 16  2  0]
 [ 8  4  2  4]
 [ 4  0  2  0]
 [ 2  4  2  0]]
Left

[[ 0  4 16  2]
 [ 8  4  2  4]
 [ 0  0  4  2]
 [ 2  2  4  2]]
Right

[[ 4 16  2  0]
 [ 8  4  2  4]
 [ 4  2  2  0]
 [ 4  4  2  0]]
Left

[[ 0  4 16  2]
 [ 8  4  2  4]
 [ 0  2  4  4]
 [ 0  0  8  2]]
Right

[[ 4 16  2  0]
 [ 8  4  2  4]
 [ 2  8  0  0]
 [ 8  2  2  0]]
Left

[[ 0  4 16  2]
 [ 8  4  2  4]
 [ 0  2  2  8]
 [ 0  0  8  4]]
Right

[[ 4 16  2  0]
 [ 8  4  2  4]
 [ 4  8  0  2]
 [ 8  4  0  0]]
Left

[[ 2  4 16  2]
 [ 8  4  2  4]
 [ 0  4  8  2]
 [ 0  0  8  4]]
Right

[[ 2  4 16  2]
 [ 8  4  2  4]
 [ 4  8  2  2]
 [ 8  4  0  0]]
Left

[[ 2  4 16  2]
 [ 8  4  2  4]
 [ 0  4  8  4]
 [ 0  2  8  4]]
Right

[[ 2  4 16  2]
 [ 8  4  2  4]
 [ 4  8  4  0]
 [ 2  8  4  2]]
Left

[[ 2  4 16  2]
 [ 8  4  2  4]
 [ 2  4  8  4]
 [ 2  8  4  2]]
Right

[[ 2  8 16  2]
 [ 8  4  2  8]
 [ 4  8  8  2]
 [ 0  0  4  2]]
Up

[[ 2  8 16  2]
 [ 8  4  2  8]
 [ 4 16  2  0]
 [ 4  2  2  0]]
Left

[[ 2  8 16  2]
 [ 8  4  2  8]
 [ 2  4 16  2]
 [ 0  0  4  4]]
Right

[[ 2  8 16  2]
 [ 8  4  2  8]
 [ 2  4 16  2]
 [ 0  0  2  8]]
Right

[[ 2  8 16  2]
 [ 8  4  2  8]
 [ 2  4 16  2]
 [ 2  8  0  2]]
Left

[[ 2  8 16  2]
 [ 8  4  2  8]
 [ 2  4 16  2]
 [ 2  2  8  2]]
Right

[[ 2  8 16  2]
 [ 8  4  2  8]
 [ 2  4 16  2]
 [ 2  4  8  2]]
Right

[[ 2  8 16  2]
 [ 8  8  2  8]
 [ 4  4 16  4]
 [ 2  0  8  0]]
Up

[[ 2  0 16  2]
 [ 8  0  2  2]
 [ 4 16 16  8]
 [ 2  4  8  4]]
Down

[[ 2 16 16  4]
 [ 8  4  2  8]
 [ 4  0 16  4]
 [ 2  2  8  0]]
Up

[[ 2  0 16  4]
 [ 8 16  2  4]
 [ 4  4 16  8]
 [ 2  2  8  4]]
Down

[[ 2  2 16  4]
 [ 8 16  2  4]
 [ 0  8 16  8]
 [ 0  4  8  4]]
Right

[[ 2  2 16  8]
 [ 8 16  2  8]
 [ 0  8 16  4]
 [ 2  4  8  0]]
Up

[[ 2  2 16 16]
 [ 8 16  2  4]
 [ 2  8 16  0]
 [ 2  4  8  0]]
Up

[[ 2  2 16 16]
 [ 8 16  2  4]
 [ 4  8 16  0]
 [ 0  4  8  2]]
Up

[[ 2  2 16 16]
 [ 8 16  2  4]
 [ 4  8 16  2]
 [ 0  4  8  2]]
Up

[[ 2  2 16 16]
 [ 8 16  2  4]
 [ 4  8 16  4]
 [ 0  4  8  2]]
Up

[[ 2  2 16 16]
 [ 8 16  2  8]
 [ 4  8 16  2]
 [ 2  4  8  0]]
Up

[[ 0  0  4 32]
 [ 8 16  2  8]
 [ 4  8 16  2]
 [ 2  2  4  8]]
Right

[[ 2  0  4 32]
 [ 8 16  2  8]
 [ 4  8 16  2]
 [ 0  4  4  8]]
Right

[[ 2 16  4 32]
 [ 8  8  2  8]
 [ 4  4 16  2]
 [ 2  0  4  8]]
Up

[[ 2  2  4 32]
 [ 8 16  2  8]
 [ 4  8 16  2]
 [ 2  4  4  8]]
Down

[[ 0  4  4 32]
 [ 8 16  2  8]
 [ 4  8 16  2]
 [ 2  2  8  8]]
Right

[[ 8 32  4  0]
 [ 8 16  2  8]
 [ 4  8 16  2]
 [ 4 16  0  0]]
Left

[[ 2  8 32  4]
 [ 8 16  2  8]
 [ 4  8 16  2]
 [ 0  0  4 16]]
Right

[[ 2  8 32  4]
 [ 8 16  2  8]
 [ 4  8 16  2]
 [ 0  0  4 16]]
Right

[[ 2  8 32  4]
 [ 8 16  2  8]
 [ 4  8 16  2]
 [ 0  0  4 16]]
Right

[[ 2  8 32  4]
 [ 8 16  2  8]
 [ 4  8 16  2]
 [ 0  0  4 16]]
Right

[[ 2  8 32  4]
 [ 8 16  2  8]
 [ 4  8 16  2]
 [ 0  0  4 16]]
Right


-----


[[2 2 0 0]
 [2 0 0 0]
 [0 0 0 0]
 [0 0 0 0]]
Left

[[4 2 0 2]
 [0 0 0 0]
 [0 0 0 0]
 [0 0 0 0]]
Up

[[4 4 0 0]
 [0 2 0 0]
 [0 0 0 0]
 [0 0 0 0]]
Left

[[8 0 0 2]
 [2 0 0 0]
 [0 0 0 0]
 [0 0 0 0]]
Left

[[8 2 0 0]
 [2 0 0 0]
 [2 0 0 0]
 [0 0 0 0]]
Left

[[0 0 8 2]
 [0 0 2 2]
 [0 0 0 2]
 [0 0 0 0]]
Right

[[8 2 0 0]
 [4 0 0 0]
 [2 0 0 2]
 [0 0 0 0]]
Left

[[0 0 0 0]
 [8 0 0 2]
 [4 0 0 0]
 [2 2 0 2]]
Down

[[0 0 0 0]
 [8 2 0 0]
 [4 0 0 4]
 [4 2 0 0]]
Left

[[0 0 0 2]
 [0 0 8 2]
 [0 0 0 8]
 [0 0 4 2]]
Right

[[2 0 0 0]
 [8 2 0 0]
 [8 0 0 0]
 [4 2 2 0]]
Left

[[0 0 2 2]
 [0 0 8 2]
 [0 0 0 8]
 [0 0 4 4]]
Right

[[4 0 0 0]
 [8 2 0 0]
 [8 0 0 0]
 [8 0 0 4]]
Left

[[0 0 2 4]
 [0 0 8 2]
 [0 0 0 8]
 [0 0 8 4]]
Right

[[2 4 0 0]
 [8 2 0 0]
 [8 0 2 0]
 [8 4 0 0]]
Left

[[0 0 2 4]
 [0 0 8 2]
 [2 0 8 2]
 [0 0 8 4]]
Right

[[2 4 0 0]
 [8 2 0 2]
 [2 8 2 0]
 [8 4 0 0]]
Left

[[2 4 2 2]
 [8 2 2 0]
 [2 8 0 0]
 [8 4 0 0]]
Up

[[0 2 4 4]
 [2 0 8 4]
 [0 0 2 8]
 [0 0 8 4]]
Right

[[2 8 2 0]
 [2 8 4 0]
 [2 8 0 0]
 [8 4 0 0]]
Left

[[ 4 16  2  0]
 [ 2  8  4  0]
 [ 8  4  0  0]
 [ 0  0  0  4]]
Up

[[ 0  4 16  2]
 [ 2  2  8  4]
 [ 0  0  8  4]
 [ 0  0  0  4]]
Right

[[ 4 16  2  0]
 [ 4  8  4  0]
 [ 8  4  0  2]
 [ 4  0  0  0]]
Left

[[ 0  0  0  0]
 [ 8 16  0  2]
 [ 8  8  2  0]
 [ 4  4  4  2]]
Down

[[ 0  0  0  2]
 [ 8 16  2  0]
 [16  2  0  0]
 [ 8  4  2  0]]
Left

[[ 0  0  0  2]
 [ 0  8 16  2]
 [ 0  2 16  2]
 [ 0  8  4  2]]
Right

[[ 2  0  2  0]
 [ 8 16  2  0]
 [ 2 16  2  0]
 [ 8  4  2  0]]
Left

[[ 0  0  0  4]
 [ 0  8 16  2]
 [ 2  2 16  2]
 [ 0  8  4  2]]
Right

[[ 4  0  2  0]
 [ 8 16  2  0]
 [ 4 16  2  0]
 [ 8  4  2  0]]
Left

[[ 0  0  4  2]
 [ 0  8 16  2]
 [ 0  4 16  2]
 [ 2  8  4  2]]
Right

[[ 4  2  0  0]
 [ 8 16  2  2]
 [ 4 16  2  0]
 [ 2  8  4  2]]
Left

[[ 0  2  4  2]
 [ 0  8 16  4]
 [ 0  4 16  2]
 [ 2  8  4  2]]
Right

[[ 2  4  2  2]
 [ 8 16  4  0]
 [ 4 16  2  0]
 [ 2  8  4  2]]
Left

[[ 2  4  4  0]
 [ 8 16  4  0]
 [ 4 16  2  2]
 [ 2  8  4  2]]
Left

[[ 2  8  2  0]
 [ 8 16  4  0]
 [ 4 16  4  0]
 [ 2  8  4  2]]
Left

[[ 2  2  8  2]
 [ 0  8 16  4]
 [ 0  4 16  4]
 [ 2  8  4  2]]
Right

[[ 4  2  8  2]
 [ 2  8 32  8]
 [ 0  4  4  2]
 [ 0  8  0  0]]
Up

[[ 4  2  8  2]
 [ 2  8 32  8]
 [ 8  2  0  0]
 [ 8  0  2  0]]
Left

[[ 4  2  8  2]
 [ 2  8 32  8]
 [ 2  0  8  2]
 [ 0  0  8  2]]
Right

[[ 4  2  8  2]
 [ 2  8 32  8]
 [ 2  8  2  0]
 [ 8  2  0  2]]
Left

[[ 4  2  8  2]
 [ 2  8 32  8]
 [ 0  2  8  2]
 [ 0  2  8  4]]
Right

[[ 4  2  8  2]
 [ 2  8 32  8]
 [ 2  8  2  0]
 [ 2  8  4  2]]
Left

[[ 4  2  8  2]
 [ 2  8 32  8]
 [ 2  2  8  2]
 [ 2  8  4  2]]
Right

[[ 4  2  8  2]
 [ 2  8 32  8]
 [ 4  8  2  2]
 [ 2  8  4  2]]
Left

[[ 4  2  8  2]
 [ 2  8 32  8]
 [ 4  4  8  4]
 [ 2  8  4  2]]
Right

[[ 4  2  8  2]
 [ 2  8 32  8]
 [ 2  8  8  4]
 [ 2  8  4  2]]
Right

[[ 4  2  8  2]
 [ 4 16 32  8]
 [ 2  8  8  4]
 [ 0  2  4  2]]
Up

[[ 4  2  8  2]
 [ 4 16 32  8]
 [ 2 16  4  0]
 [ 2  4  2  2]]
Left

[[ 4  2  8  2]
 [ 4 16 32  8]
 [ 2 16  4  0]
 [ 2  4  4  2]]
Left

[[ 4  2  8  2]
 [ 4 16 32  8]
 [ 2 16  4  2]
 [ 2  8  2  0]]
Left

[[ 4  2  8  2]
 [ 4 16 32  8]
 [ 2 16  4  2]
 [ 2  8  2  0]]
Left

[[ 4  2  8  2]
 [ 4 16 32  8]
 [ 2 16  4  2]
 [ 2  8  2  0]]
Left

[[ 4  2  8  2]
 [ 4 16 32  8]
 [ 2 16  4  2]
 [ 2  8  2  0]]
Left

[[ 4  2  8  2]
 [ 4 16 32  8]
 [ 2 16  4  2]
 [ 2  8  2  0]]
Left


-----


[[0 0 0 0]
 [4 0 0 2]
 [0 0 0 0]
 [4 0 0 0]]
Left

[[0 0 0 0]
 [4 2 0 0]
 [0 2 0 0]
 [4 0 0 0]]
Left

[[0 0 0 0]
 [0 0 0 0]
 [2 0 0 0]
 [8 4 0 0]]
Down

[[2 4 0 0]
 [8 2 0 0]
 [0 0 0 0]
 [0 0 0 0]]
Up

[[0 0 0 0]
 [2 0 0 0]
 [2 4 0 0]
 [8 2 0 0]]
Down

[[4 4 0 0]
 [8 2 0 0]
 [0 0 0 0]
 [0 0 2 0]]
Up

[[8 0 2 0]
 [8 2 0 0]
 [0 0 0 0]
 [2 0 0 0]]
Left

[[ 0  0  0  0]
 [ 0  0  0  0]
 [16  0  4  0]
 [ 2  2  2  0]]
Down

[[ 0  0  0  0]
 [ 0  0  0  0]
 [16  4  2  0]
 [ 4  2  0  0]]
Left

[[ 0  0  0  0]
 [ 0  0  0  0]
 [ 0 16  4  2]
 [ 0  4  4  2]]
Right

[[ 0  0  0  0]
 [ 0  2  0  0]
 [16  4  2  0]
 [ 8  2  0  0]]
Left

[[ 0  0  0  0]
 [ 0  0  2  2]
 [ 0 16  4  2]
 [ 0  0  8  2]]
Right

[[ 0  0  4  0]
 [ 4  0  0  0]
 [16  4  2  0]
 [ 8  2  0  0]]
Left

[[ 0  0  0  4]
 [ 0  0  2  4]
 [ 0 16  4  2]
 [ 0  0  8  2]]
Right

[[ 4  0  0  0]
 [ 2  4  2  0]
 [16  4  2  0]
 [ 8  2  0  0]]
Left

[[ 0  0  0  4]
 [ 2  2  4  2]
 [ 0 16  4  2]
 [ 0  0  8  2]]
Right

[[ 4  0  0  0]
 [ 4  4  2  0]
 [16  4  2  0]
 [ 8  2  0  4]]
Left

[[ 0  0  2  4]
 [ 0  0  8  2]
 [ 0 16  4  2]
 [ 0  8  2  4]]
Right

[[ 2  4  0  0]
 [ 8  2  0  2]
 [16  4  2  0]
 [ 8  2  4  0]]
Left

[[ 0  0  2  4]
 [ 0  4  8  4]
 [ 0 16  4  2]
 [ 0  8  2  4]]
Right

[[ 2  4  2  0]
 [ 4  8  4  0]
 [16  4  2  0]
 [ 8  2  4  0]]
Left

[[ 0  2  4  2]
 [ 4  4  8  4]
 [ 0 16  4  2]
 [ 0  8  2  4]]
Right

[[ 2  4  2  0]
 [ 8  8  4  2]
 [16  4  2  0]
 [ 8  2  4  0]]
Left

[[ 0  2  4  2]
 [ 0 16  4  2]
 [ 2 16  4  2]
 [ 0  8  2  4]]
Right

[[ 2  4  2  0]
 [16  4  2  0]
 [ 2 16  4  2]
 [ 8  2  4  2]]
Left

[[ 2  4  2  0]
 [16  4  2  0]
 [ 2 16  4  2]
 [ 8  2  4  2]]
Left

[[ 2  4  2  0]
 [16  4  2  0]
 [ 2 16  4  2]
 [ 8  2  4  2]]
Left

[[ 2  4  2  0]
 [16  4  2  0]
 [ 2 16  4  2]
 [ 8  2  4  2]]
Left

[[ 2  4  2  0]
 [16  4  2  0]
 [ 2 16  4  2]
 [ 8  2  4  2]]
Left


-----


[[2 0 0 0]
 [0 0 0 0]
 [0 0 0 0]
 [2 0 0 2]]
Left

[[2 2 0 0]
 [0 0 0 0]
 [0 0 0 0]
 [4 0 0 0]]
Left

[[2 2 0 2]
 [4 0 0 0]
 [0 0 0 0]
 [0 0 0 0]]
Up

[[4 2 2 0]
 [4 0 0 0]
 [0 0 0 0]
 [0 0 0 0]]
Left

[[4 4 0 0]
 [4 4 0 0]
 [0 0 0 0]
 [0 0 0 0]]
Left

[[0 0 0 0]
 [0 0 0 0]
 [0 2 0 0]
 [8 8 0 0]]
Down

[[8 2 0 0]
 [0 8 2 0]
 [0 0 0 0]
 [0 0 0 0]]
Up

[[8 2 0 0]
 [8 2 0 0]
 [0 0 0 0]
 [0 0 0 2]]
Left

[[0 2 8 2]
 [0 0 8 2]
 [0 0 0 0]
 [0 0 0 2]]
Right

[[2 8 2 0]
 [8 2 0 0]
 [2 0 0 0]
 [2 0 0 0]]
Left

[[0 0 0 0]
 [2 0 0 2]
 [8 8 0 0]
 [4 2 2 0]]
Down

[[ 2  0  0  0]
 [ 4  0  0  0]
 [16  0  0  0]
 [ 4  4  0  0]]
Left

[[ 2  4  0  0]
 [ 4  0  2  0]
 [16  0  0  0]
 [ 4  0  0  0]]
Up

[[ 2  0  0  0]
 [ 4  0  0  0]
 [16  0  0  2]
 [ 4  4  2  0]]
Down

[[ 2  4  2  2]
 [ 4  0  2  0]
 [16  0  0  0]
 [ 4  0  0  0]]
Up

[[ 0  2  4  4]
 [ 0  0  4  2]
 [ 0  0  0 16]
 [ 0  2  0  4]]
Right

[[ 2  8  0  0]
 [ 4  2  0  0]
 [16  0  0  0]
 [ 2  4  2  0]]
Left

[[ 2  8  2  0]
 [ 4  2  0  0]
 [16  4  0  0]
 [ 2  0  2  0]]
Up

[[ 2  0  0  0]
 [ 4  8  0  0]
 [16  2  0  2]
 [ 2  4  4  0]]
Down

[[ 2  8  4  2]
 [ 4  2  2  0]
 [16  4  0  0]
 [ 2  0  0  0]]
Up

[[ 2  0  0  0]
 [ 4  8  0  0]
 [16  2  4  2]
 [ 2  4  2  2]]
Down

[[ 2  8  4  4]
 [ 4  2  2  0]
 [16  4  2  0]
 [ 2  0  0  0]]
Up

[[ 0  2  8  8]
 [ 2  0  4  4]
 [ 0 16  4  2]
 [ 0  0  0  2]]
Right

[[ 2 16  0  0]
 [ 2  8  2  0]
 [16  4  2  0]
 [ 2  0  0  0]]
Left

[[ 0  0  2 16]
 [ 0  2  8  2]
 [ 0 16  4  2]
 [ 2  0  0  2]]
Right

[[ 2 16  0  0]
 [ 2  8  2  0]
 [16  4  2  2]
 [ 4  0  0  0]]
Left

[[ 2  0  2 16]
 [ 0  2  8  2]
 [ 0 16  4  4]
 [ 0  0  0  4]]
Right

[[ 4 16  0  0]
 [ 2  8  2  2]
 [16  8  0  0]
 [ 4  0  0  0]]
Left

[[ 0  0  4 16]
 [ 2  2  8  4]
 [ 0  0 16  8]
 [ 0  0  0  4]]
Right

[[ 2  2  4 16]
 [ 0  0  8  4]
 [ 0  2 16  8]
 [ 0  0  0  4]]
Up

[[ 2  4  4 16]
 [ 0  0  8  4]
 [ 2  0 16  8]
 [ 0  0  0  4]]
Up

[[ 4  4  4 16]
 [ 0  0  8  4]
 [ 0  0 16  8]
 [ 0  0  2  4]]
Up

[[ 8  4 16  0]
 [ 8  4  0  0]
 [16  8  2  0]
 [ 2  4  0  0]]
Left

[[16  8 16  0]
 [16  8  2  0]
 [ 2  4  4  0]
 [ 0  0  0  0]]
Up

[[ 0 16  8 16]
 [ 2 16  8  2]
 [ 0  0  2  8]
 [ 0  0  0  0]]
Right

[[16  8 16  0]
 [ 2 16  8  2]
 [ 2  8  0  0]
 [ 0  0  0  2]]
Left

[[16  8 16  0]
 [ 2 16  8  2]
 [ 2  8  2  0]
 [ 2  0  0  0]]
Left

[[ 0 16  8 16]
 [ 2 16  8  2]
 [ 0  2  8  2]
 [ 0  2  0  2]]
Right

[[16  8 16  0]
 [ 2 16  8  2]
 [ 2  8  2  0]
 [ 4  0  2  0]]
Left

[[ 0 16  8 16]
 [ 2 16  8  2]
 [ 2  2  8  2]
 [ 0  0  4  2]]
Right

[[16  8 16  0]
 [ 2 16  8  2]
 [ 4  8  2  0]
 [ 4  2  2  0]]
Left

[[ 2 16  8 16]
 [ 2 16  8  2]
 [ 0  4  8  2]
 [ 0  0  4  4]]
Right

[[ 2 16  8 16]
 [ 2 16  8  2]
 [ 4  8  2  0]
 [ 8  0  0  2]]
Left

[[ 2 16  8 16]
 [ 2 16  8  2]
 [ 0  4  8  2]
 [ 2  0  8  2]]
Right

[[ 2 16  8 16]
 [ 2 16  8  2]
 [ 4  8  2  2]
 [ 2  8  2  0]]
Left

[[ 2 16  8 16]
 [ 2 16  8  2]
 [ 4  8  4  2]
 [ 2  8  2  0]]
Left

[[ 2 16  8 16]
 [ 2 16  8  2]
 [ 4  8  4  2]
 [ 2  8  2  0]]
Left

[[ 2 16  8 16]
 [ 2 16  8  2]
 [ 4  8  4  2]
 [ 2  8  2  0]]
Left

[[ 2 16  8 16]
 [ 2 16  8  2]
 [ 4  8  4  2]
 [ 2  8  2  0]]
Left

[[ 2 16  8 16]
 [ 2 16  8  2]
 [ 4  8  4  2]
 [ 2  8  2  0]]
Left


-----


[[2 2 0 0]
 [0 0 0 0]
 [2 0 0 0]
 [0 0 0 0]]
Up

[[4 2 0 0]
 [0 0 0 0]
 [0 0 0 0]
 [0 0 0 2]]
Up

[[4 2 0 0]
 [0 0 0 0]
 [0 0 0 2]
 [2 0 0 0]]
Left

[[4 2 0 0]
 [0 2 0 0]
 [2 0 0 0]
 [2 0 0 0]]
Left

[[0 0 4 2]
 [0 0 0 2]
 [0 2 0 2]
 [0 0 0 2]]
Right

[[4 2 2 0]
 [2 0 0 0]
 [4 0 0 0]
 [2 0 0 0]]
Left

[[0 0 4 4]
 [0 0 0 2]
 [0 0 0 4]
 [0 0 2 2]]
Right

[[8 0 0 0]
 [2 0 0 0]
 [4 0 0 0]
 [4 0 0 2]]
Left

[[0 2 0 8]
 [0 0 0 2]
 [0 0 0 4]
 [0 0 4 2]]
Right

[[2 8 2 0]
 [2 0 0 0]
 [4 0 0 0]
 [4 2 0 0]]
Left

[[0 2 8 2]
 [0 0 0 2]
 [0 0 2 4]
 [0 0 4 2]]
Right

[[2 8 2 0]
 [2 0 0 2]
 [2 4 0 0]
 [4 2 0 0]]
Left

[[0 2 8 2]
 [0 0 0 4]
 [0 0 2 4]
 [2 0 4 2]]
Right

[[2 8 2 0]
 [4 2 0 0]
 [2 4 0 0]
 [2 4 2 0]]
Left

[[2 8 4 0]
 [4 2 2 0]
 [4 8 0 0]
 [0 0 0 0]]
Up

[[0 0 0 0]
 [2 8 0 0]
 [2 2 4 0]
 [8 8 2 0]]
Down

[[4 8 4 0]
 [8 2 2 2]
 [0 8 0 0]
 [0 0 0 0]]
Up

[[4 8 4 0]
 [8 4 2 2]
 [8 0 0 0]
 [0 0 0 0]]
Left

[[ 0  0  2  0]
 [ 0  0  0  0]
 [ 4  8  4  0]
 [16  4  2  2]]
Down

[[ 2  0  0  2]
 [ 0  0  0  0]
 [ 4  8  4  0]
 [16  4  4  0]]
Left

[[ 2  8  8  2]
 [ 4  4  0  0]
 [16  2  0  0]
 [ 0  0  0  0]]
Up

[[ 0  0  0  2]
 [ 2  8  0  0]
 [ 4  4  0  0]
 [16  2  8  2]]
Down

[[ 0  4  0  2]
 [ 0  0  2  8]
 [ 0  0  0  8]
 [16  2  8  2]]
Right

[[ 4  2  0  2]
 [ 2  8  0  0]
 [ 8  0  0  0]
 [16  2  8  2]]
Left

[[ 0  0  4  4]
 [ 0  0  2  8]
 [ 0  2  0  8]
 [16  2  8  2]]
Right

[[ 8  0  0  2]
 [ 2  8  0  0]
 [ 2  8  0  0]
 [16  2  8  2]]
Left

[[ 0  0  8  2]
 [ 0  2  2  8]
 [ 0  0  2  8]
 [16  2  8  2]]
Right

[[ 8  2  0  0]
 [ 4  8  0  0]
 [ 2  8  0  2]
 [16  2  8  2]]
Left

[[ 0  2  8  2]
 [ 0  0  4  8]
 [ 0  2  8  2]
 [16  2  8  2]]
Right

[[ 2  8  2  2]
 [ 4  8  0  0]
 [ 2  8  2  0]
 [16  2  8  2]]
Left

[[ 0  2  8  4]
 [ 2  0  4  8]
 [ 0  2  8  2]
 [16  2  8  2]]
Right

[[ 2  8  4  0]
 [ 2  4  8  2]
 [ 2  8  2  0]
 [16  2  8  2]]
Left

[[ 2  2  8  4]
 [ 2  4  8  2]
 [ 0  2  8  2]
 [16  2  8  2]]
Right

[[ 4  8  4  0]
 [ 2  4  8  2]
 [ 2  8  2  4]
 [16  2  8  2]]
Left

[[ 2  4  8  4]
 [ 2  4  8  2]
 [ 2  8  2  4]
 [16  2  8  2]]
Right

[[ 2  4  8  4]
 [ 2  4  8  2]
 [ 2  8  2  4]
 [16  2  8  2]]
Left

[[ 2  4  8  4]
 [ 2  4  8  2]
 [ 2  8  2  4]
 [16  2  8  2]]
Left

[[ 2  4  8  4]
 [ 2  4  8  2]
 [ 2  8  2  4]
 [16  2  8  2]]
Left

[[ 2  4  8  4]
 [ 2  4  8  2]
 [ 2  8  2  4]
 [16  2  8  2]]
Left


-----


[[2 0 0 0]
 [0 0 0 0]
 [2 0 0 0]
 [2 0 0 0]]
Left

[[4 0 0 0]
 [2 0 2 0]
 [0 0 0 0]
 [0 0 0 0]]
Up

[[4 0 0 0]
 [4 0 0 0]
 [2 0 0 0]
 [0 0 0 0]]
Left

[[8 0 0 0]
 [2 0 0 0]
 [0 0 0 0]
 [0 2 0 0]]
Up

[[0 0 0 8]
 [0 0 0 2]
 [0 0 0 0]
 [2 0 0 2]]
Right

[[8 0 0 0]
 [2 2 0 0]
 [0 0 0 0]
 [4 0 0 0]]
Left

[[0 0 0 8]
 [0 0 0 4]
 [0 0 0 0]
 [0 0 2 4]]
Right

[[8 0 0 0]
 [4 0 0 2]
 [0 0 0 0]
 [2 4 0 0]]
Left

[[8 4 0 2]
 [4 0 0 0]
 [2 0 2 0]
 [0 0 0 0]]
Up

[[8 4 2 0]
 [4 0 0 0]
 [4 0 0 0]
 [0 0 0 2]]
Left

[[8 4 2 0]
 [4 0 0 2]
 [4 0 0 0]
 [2 0 0 0]]
Left

[[0 0 0 0]
 [8 0 0 0]
 [8 0 0 2]
 [2 4 2 2]]
Down

[[0 0 0 0]
 [8 0 0 0]
 [8 2 0 2]
 [2 4 4 0]]
Left

[[16  2  4  2]
 [ 2  4  0  0]
 [ 0  0  0  0]
 [ 2  0  0  0]]
Up

[[16  2  4  2]
 [ 0  2  2  4]
 [ 0  0  0  0]
 [ 0  0  0  2]]
Right

[[16  2  4  2]
 [ 4  4  0  0]
 [ 0  0  2  0]
 [ 2  0  0  0]]
Left

[[16  2  4  2]
 [ 0  0  0  8]
 [ 0  0  0  2]
 [ 0  4  0  2]]
Right

[[16  2  4  2]
 [ 8  0  0  0]
 [ 2  0  0  2]
 [ 4  2  0  0]]
Left

[[16  2  4  2]
 [ 0  0  0  8]
 [ 2  0  0  4]
 [ 0  0  4  2]]
Right

[[16  2  4  2]
 [ 8  0  2  0]
 [ 2  4  0  0]
 [ 4  2  0  0]]
Left

[[16  2  4  2]
 [ 0  0  8  2]
 [ 0  0  2  4]
 [ 0  2  4  2]]
Right

[[16  2  4  2]
 [ 8  2  0  0]
 [ 2  4  0  2]
 [ 2  4  2  0]]
Left

[[16  2  4  2]
 [ 0  2  8  2]
 [ 0  2  4  2]
 [ 0  2  4  2]]
Right

[[16  2  4  2]
 [ 2  8  2  2]
 [ 2  4  2  0]
 [ 2  4  2  0]]
Left

[[16  2  4  2]
 [ 0  2  8  4]
 [ 2  2  4  2]
 [ 0  2  4  2]]
Right

[[16  2  4  2]
 [ 2  8  4  2]
 [ 4  4  2  0]
 [ 2  4  2  0]]
Left

[[16  2  4  2]
 [ 2  8  4  2]
 [ 0  0  8  2]
 [ 2  2  4  2]]
Right

[[16  2  4  2]
 [ 2  8  4  2]
 [ 8  2  0  0]
 [ 4  4  2  2]]
Left

[[16  2  4  2]
 [ 2  8  4  2]
 [ 0  2  8  2]
 [ 0  0  8  4]]
Right

[[16  2  4  2]
 [ 2  8  4  2]
 [ 2  8  2  2]
 [ 8  4  0  0]]
Left

[[16  2  4  2]
 [ 2  8  4  2]
 [ 0  2  8  4]
 [ 2  0  8  4]]
Right

[[16  2  4  2]
 [ 2  8  4  2]
 [ 2  8  4  0]
 [ 2  8  4  2]]
Left

[[16  2  4  2]
 [ 2  8  4  2]
 [ 2  8  4  0]
 [ 2  8  4  2]]
Left

[[16  2  4  2]
 [ 2  8  4  2]
 [ 2  8  4  0]
 [ 2  8  4  2]]
Left

[[16  2  4  2]
 [ 2  8  4  2]
 [ 2  8  4  0]
 [ 2  8  4  2]]
Left

[[16  2  4  2]
 [ 2  8  4  2]
 [ 2  8  4  0]
 [ 2  8  4  2]]
Left


-----


[[2 0 0 0]
 [0 0 0 0]
 [0 2 0 0]
 [2 0 0 0]]
Left

[[4 2 0 0]
 [0 0 0 0]
 [0 0 0 0]
 [0 0 2 0]]
Up

[[4 2 0 0]
 [0 0 0 2]
 [0 0 0 0]
 [2 0 0 0]]
Left

[[4 2 0 0]
 [2 0 0 2]
 [0 0 0 0]
 [2 0 0 0]]
Left

[[4 2 0 0]
 [4 0 0 0]
 [0 0 0 0]
 [2 0 0 2]]
Left

[[4 2 0 0]
 [4 2 0 0]
 [0 0 0 0]
 [4 0 0 0]]
Left

[[0 0 0 0]
 [0 2 0 0]
 [4 0 0 0]
 [8 4 0 0]]
Down

[[4 2 0 0]
 [8 4 2 0]
 [0 0 0 0]
 [0 0 0 0]]
Up

[[4 2 0 0]
 [8 4 2 0]
 [0 0 0 0]
 [0 0 0 0]]
Left

[[4 2 0 0]
 [8 4 2 0]
 [0 0 0 0]
 [0 0 0 0]]
Left

[[4 2 0 0]
 [8 4 2 0]
 [0 0 0 0]
 [0 0 0 0]]
Left

[[4 2 0 0]
 [8 4 2 0]
 [0 0 0 0]
 [0 0 0 0]]
Left


-----


[[0 0 0 0]
 [2 0 0 0]
 [0 2 0 0]
 [2 0 0 0]]
Left

[[4 2 0 0]
 [0 0 0 0]
 [0 0 0 0]
 [4 0 0 0]]
Up

[[0 0 4 2]
 [0 0 0 0]
 [0 0 0 2]
 [0 0 0 4]]
Right

[[4 2 0 0]
 [0 0 0 0]
 [2 0 0 0]
 [4 0 0 2]]
Left

[[4 2 0 0]
 [0 0 0 0]
 [2 0 0 2]
 [4 2 0 0]]
Left

[[4 2 0 0]
 [0 0 0 2]
 [4 0 0 0]
 [4 2 0 0]]
Left

[[0 2 4 2]
 [0 0 0 2]
 [0 0 0 4]
 [0 0 4 2]]
Right

[[2 4 2 0]
 [2 0 0 0]
 [4 0 0 0]
 [4 2 4 0]]
Left

[[0 2 4 2]
 [0 0 0 2]
 [0 0 0 4]
 [2 4 2 4]]
Right

[[2 4 2 0]
 [2 0 2 0]
 [4 0 0 0]
 [2 4 2 4]]
Left

[[0 2 4 2]
 [0 0 2 4]
 [0 0 0 4]
 [2 4 2 4]]
Right

[[2 4 2 0]
 [2 4 0 0]
 [4 0 2 0]
 [2 4 2 4]]
Left

[[0 2 4 2]
 [0 0 2 4]
 [0 2 4 2]
 [2 4 2 4]]
Right

[[2 4 2 0]
 [2 4 0 0]
 [2 4 2 4]
 [2 4 2 4]]
Left

[[4 8 4 8]
 [4 8 2 0]
 [0 0 0 0]
 [0 0 2 0]]
Up

[[4 8 4 8]
 [4 8 2 0]
 [0 0 0 0]
 [2 0 0 2]]
Left

[[4 8 4 8]
 [4 8 2 2]
 [0 0 0 0]
 [4 0 0 0]]
Left

[[4 8 4 8]
 [4 8 4 0]
 [0 0 0 0]
 [4 0 0 2]]
Left

[[4 8 4 8]
 [4 8 4 0]
 [0 0 0 0]
 [4 2 2 0]]
Left

[[ 0  0  0  0]
 [ 0  2  0  0]
 [ 4 16  8  0]
 [ 8  2  2  8]]
Down

[[ 0  0  0  0]
 [ 2  0  0  0]
 [ 4 16  8  2]
 [ 8  4  8  0]]
Left

[[ 2 16 16  2]
 [ 4  4  0  2]
 [ 8  0  0  0]
 [ 0  0  0  0]]
Up

[[ 0  0  0  2]
 [ 2  0  0  0]
 [ 4 16  0  0]
 [ 8  4 16  4]]
Down

[[ 2 16 16  2]
 [ 4  4  0  4]
 [ 8  0  0  0]
 [ 0  0  0  2]]
Up

[[ 2 32  2  2]
 [ 8  4  0  0]
 [ 8  0  0  0]
 [ 2  0  0  0]]
Left

[[ 0  0  0  2]
 [ 2  0  0  0]
 [16 32  0  0]
 [ 2  4  2  2]]
Down

[[ 2  0  0  0]
 [ 2  0  0  2]
 [16 32  0  0]
 [ 2  4  4  0]]
Left

[[ 4 32  4  2]
 [16  4  4  0]
 [ 2  0  0  0]
 [ 0  0  0  0]]
Up

[[ 4 32  8  2]
 [16  4  0  0]
 [ 2  0  0  0]
 [ 0  0  2  0]]
Up

[[ 4 32  8  2]
 [16  4  0  0]
 [ 2  2  0  0]
 [ 2  0  0  0]]
Left

[[ 0  2  0  0]
 [ 4 32  0  0]
 [16  4  0  0]
 [ 4  2  8  2]]
Down

[[ 4  2  8  2]
 [16 32  0  0]
 [ 4  4  0  0]
 [ 2  2  0  0]]
Up

[[ 4  2  8  2]
 [ 0  0 16 32]
 [ 2  0  0  8]
 [ 0  0  0  4]]
Right

[[ 4  2  8  2]
 [16 32  0  0]
 [ 2  8  0  0]
 [ 4  0  2  0]]
Left

[[ 4  2  8  2]
 [16 32  0  0]
 [ 2  8  0  0]
 [ 4  2  2  0]]
Left

[[ 4  2  8  2]
 [ 0  2 16 32]
 [ 0  0  2  8]
 [ 0  0  4  4]]
Right

[[ 4  2  8  2]
 [ 0  2 16 32]
 [ 2  0  2  8]
 [ 0  0  0  8]]
Right

[[ 4  2  8  2]
 [ 2  2 16 32]
 [ 0  0  4  8]
 [ 0  0  0  8]]
Right

[[ 4  2  8  2]
 [ 0  4 16 32]
 [ 2  0  4  8]
 [ 0  0  0  8]]
Right

[[ 0  0  0  2]
 [ 0  0  8  2]
 [ 4  2 16 32]
 [ 2  4  4 16]]
Down

[[ 4  2  8  4]
 [ 2  4 16 32]
 [ 0  2  4 16]
 [ 0  0  0  0]]
Up

[[ 0  0  0  2]
 [ 0  2  8  4]
 [ 4  4 16 32]
 [ 2  2  4 16]]
Down

[[ 2  0  0  2]
 [ 0  2  8  4]
 [ 0  8 16 32]
 [ 0  4  4 16]]
Right

[[ 2  2  8  2]
 [ 2  8 16  4]
 [ 0  4  4 32]
 [ 0  0  0 16]]
Up

[[ 4  8  2  2]
 [ 2  8 16  4]
 [ 8 32  0  0]
 [16  0  0  0]]
Left

[[ 4  4  8  4]
 [ 2  8 16  4]
 [ 0  0  8 32]
 [ 0  0  0 16]]
Right

[[ 8  8  4  2]
 [ 2  8 16  4]
 [ 8 32  0  0]
 [16  0  0  0]]
Left

[[ 8  0  0  0]
 [ 2  0  2  0]
 [ 8 16  4  2]
 [16 32 16  4]]
Down

[[ 8  2  0  0]
 [ 4  0  0  0]
 [ 8 16  4  2]
 [16 32 16  4]]
Left

[[ 8  2  0  0]
 [ 4  0  0  0]
 [ 8 16  4  2]
 [16 32 16  4]]
Left

[[ 8  2  0  0]
 [ 4  0  0  0]
 [ 8 16  4  2]
 [16 32 16  4]]
Left

[[ 8  2  0  0]
 [ 4  0  0  0]
 [ 8 16  4  2]
 [16 32 16  4]]
Left

[[ 8  2  0  0]
 [ 4  0  0  0]
 [ 8 16  4  2]
 [16 32 16  4]]
Left


-----


[[2 0 0 0]
 [4 0 0 0]
 [0 0 0 0]
 [0 2 0 0]]
Left

[[2 0 0 0]
 [4 0 0 0]
 [2 0 0 0]
 [2 0 0 0]]
Left

[[2 0 0 0]
 [4 0 0 2]
 [4 0 0 0]
 [0 0 0 0]]
Up

[[2 0 0 0]
 [4 2 0 0]
 [4 0 0 0]
 [0 0 2 0]]
Left

[[0 0 4 0]
 [0 0 0 0]
 [2 0 0 0]
 [8 2 2 0]]
Down

[[2 2 4 0]
 [8 0 2 0]
 [0 0 0 0]
 [0 0 2 0]]
Up

[[4 4 0 0]
 [8 2 0 0]
 [0 0 0 0]
 [2 0 0 2]]
Left

[[8 0 0 0]
 [8 2 0 0]
 [0 0 0 0]
 [4 2 0 0]]
Left

[[0 0 0 8]
 [0 0 8 2]
 [0 0 0 0]
 [4 0 4 2]]
Right

[[8 0 2 0]
 [8 2 0 0]
 [0 0 0 0]
 [8 2 0 0]]
Left

[[ 0  0  0  0]
 [ 2  0  0  0]
 [ 8  0  0  0]
 [16  4  2  0]]
Down

[[ 2  4  2  0]
 [ 8  0  0  0]
 [16  0  0  0]
 [ 0  0  2  0]]
Up

[[ 2  4  2  0]
 [ 8  0  0  0]
 [16  0  0  2]
 [ 2  0  0  0]]
Left

[[ 2  0  0  4]
 [ 8  0  0  0]
 [16  0  0  0]
 [ 2  4  2  2]]
Down

[[ 2  4  2  4]
 [ 8  0  0  2]
 [16  0  0  0]
 [ 2  2  0  0]]
Up

[[ 2  4  2  4]
 [ 8  2  0  0]
 [16  2  0  0]
 [ 4  0  0  0]]
Left

[[ 2  0  2  0]
 [ 8  0  0  0]
 [16  4  0  0]
 [ 4  4  2  4]]
Down

[[ 2  8  4  4]
 [ 8  0  0  0]
 [16  2  0  0]
 [ 4  0  0  0]]
Up

[[ 2  0  2  0]
 [ 8  0  0  0]
 [16  8  0  0]
 [ 4  2  4  4]]
Down

[[ 2  8  2  4]
 [ 8  2  4  0]
 [16  2  0  0]
 [ 4  0  0  0]]
Up

[[ 2  0  0  0]
 [ 8  2  0  0]
 [16  8  2  0]
 [ 4  4  4  4]]
Down

[[ 2  2  2  4]
 [ 8  8  4  0]
 [16  4  2  0]
 [ 4  0  0  0]]
Up

[[ 2  0  2  0]
 [ 8  2  2  0]
 [16  8  4  0]
 [ 4  4  2  4]]
Down

[[ 2  2  4  4]
 [ 8  8  4  0]
 [16  4  2  2]
 [ 4  0  0  0]]
Up

[[ 0  0  4  8]
 [ 0  0 16  4]
 [ 0 16  4  4]
 [ 0  2  0  4]]
Right

[[ 4  8  0  0]
 [16  4  0  0]
 [16  8  0  0]
 [ 2  4  2  0]]
Left

[[ 4  8  2  2]
 [32  4  0  0]
 [ 2  8  0  0]
 [ 0  4  0  0]]
Up

[[ 4  8  2  2]
 [32  4  0  0]
 [ 2  8  0  0]
 [ 0  4  0  0]]
Up

[[ 4  8  2  2]
 [32  4  0  0]
 [ 2  8  0  0]
 [ 0  4  0  0]]
Up

[[ 4  8  2  2]
 [32  4  0  0]
 [ 2  8  0  0]
 [ 0  4  0  0]]
Up

[[ 4  8  2  2]
 [32  4  0  0]
 [ 2  8  0  0]
 [ 0  4  0  0]]
Up


-----


[[0 0 0 0]
 [2 0 0 2]
 [0 0 0 0]
 [2 0 0 0]]
Left

[[0 0 4 0]
 [4 0 0 0]
 [0 0 0 0]
 [2 0 0 0]]
Left

[[4 0 4 0]
 [2 0 0 0]
 [0 0 2 0]
 [0 0 0 0]]
Up

[[8 0 4 0]
 [2 0 0 0]
 [2 0 0 0]
 [0 0 0 0]]
Left

[[8 0 4 0]
 [4 0 0 0]
 [0 0 0 0]
 [0 0 2 0]]
Up

[[8 4 0 0]
 [4 0 0 2]
 [0 0 0 0]
 [2 0 0 0]]
Left

[[8 4 0 0]
 [4 2 0 0]
 [0 0 0 0]
 [2 0 0 2]]
Left

[[0 0 2 0]
 [8 0 0 0]
 [4 4 0 0]
 [2 2 0 2]]
Down

[[0 0 2 2]
 [0 0 0 8]
 [0 0 0 8]
 [0 0 2 4]]
Right

[[4 0 0 0]
 [8 0 0 0]
 [8 0 2 0]
 [2 4 0 0]]
Left

[[ 4  4  2  0]
 [16  0  0  0]
 [ 2  0  0  0]
 [ 0  0  2  0]]
Up

[[ 8  2  0  0]
 [16  0  0  0]
 [ 2  0  4  0]
 [ 2  0  0  0]]
Left

[[ 0  0  0  2]
 [ 8  0  0  0]
 [16  0  0  0]
 [ 4  2  4  0]]
Down

[[ 0  0  0  2]
 [ 0  0  2  8]
 [ 0  0  0 16]
 [ 0  4  2  4]]
Right

[[ 2  0  0  0]
 [ 2  8  0  0]
 [16  0  0  0]
 [ 4  2  4  2]]
Left

[[ 0  0  0  2]
 [ 0  2  2  8]
 [ 0  0  0 16]
 [ 4  2  4  2]]
Right

[[ 2  0  0  0]
 [ 4  8  0  0]
 [16  0  0  2]
 [ 4  2  4  2]]
Left

[[ 0  0  0  2]
 [ 0  0  4  8]
 [ 0  2 16  2]
 [ 4  2  4  2]]
Right

[[ 2  0  0  0]
 [ 4  8  0  2]
 [ 2 16  2  0]
 [ 4  2  4  2]]
Left

[[ 2  0  2  0]
 [ 4  8  2  0]
 [ 2 16  2  0]
 [ 4  2  4  2]]
Left

[[ 0  2  0  4]
 [ 0  4  8  2]
 [ 0  2 16  2]
 [ 4  2  4  2]]
Right

[[ 2  4  0  2]
 [ 4  8  2  0]
 [ 2 16  2  0]
 [ 4  2  4  2]]
Left

[[ 2  2  4  2]
 [ 0  4  8  2]
 [ 0  2 16  2]
 [ 4  2  4  2]]
Right

[[ 4  4  2  4]
 [ 4  8  2  0]
 [ 2 16  2  0]
 [ 4  2  4  2]]
Left

[[ 0  8  2  4]
 [ 2  4  8  2]
 [ 0  2 16  2]
 [ 4  2  4  2]]
Right

[[ 8  2  4  2]
 [ 2  4  8  2]
 [ 2 16  2  0]
 [ 4  2  4  2]]
Left

[[ 8  2  4  2]
 [ 2  4  8  2]
 [ 2  2 16  2]
 [ 4  2  4  2]]
Right

[[ 8  2  4  2]
 [ 2  4  8  2]
 [ 2  4 16  2]
 [ 4  2  4  2]]
Right

[[ 8  2  4  2]
 [ 2  4  8  2]
 [ 2  4 16  2]
 [ 4  2  4  2]]
Right

[[ 8  2  4  2]
 [ 2  4  8  2]
 [ 2  4 16  2]
 [ 4  2  4  2]]
Right

[[ 8  2  4  2]
 [ 2  4  8  2]
 [ 2  4 16  2]
 [ 4  2  4  2]]
Right

[[ 8  2  4  2]
 [ 2  4  8  2]
 [ 2  4 16  2]
 [ 4  2  4  2]]
Right


-----


[[0 0 0 0]
 [0 0 0 0]
 [2 0 0 0]
 [4 0 0 0]]
Left

[[2 0 0 0]
 [4 0 2 0]
 [0 0 0 0]
 [0 0 0 0]]
Up

[[2 0 0 0]
 [4 2 0 0]
 [0 0 0 2]
 [0 0 0 0]]
Left

[[2 0 2 0]
 [4 2 0 0]
 [2 0 0 0]
 [0 0 0 0]]
Left

[[0 0 0 0]
 [2 0 0 0]
 [4 0 2 0]
 [2 2 2 0]]
Down

[[2 0 0 0]
 [0 0 0 2]
 [0 0 4 2]
 [0 0 2 4]]
Right

[[2 0 0 0]
 [2 0 0 0]
 [4 2 0 2]
 [2 4 0 0]]
Left

[[4 2 0 2]
 [4 4 0 2]
 [2 0 0 0]
 [0 0 0 0]]
Up

[[4 4 0 0]
 [8 2 0 0]
 [2 0 0 0]
 [0 0 2 0]]
Left

[[8 0 0 0]
 [8 2 0 0]
 [2 4 0 0]
 [2 0 0 0]]
Left

[[ 0  0  0  0]
 [ 0  0  2  0]
 [16  2  0  0]
 [ 4  4  0  0]]
Down

[[16  2  2  0]
 [ 4  4  0  2]
 [ 0  0  0  0]
 [ 0  0  0  0]]
Up

[[16  4  0  0]
 [ 8  2  0  0]
 [ 0  4  0  0]
 [ 0  0  0  0]]
Left

[[ 0  0 16  4]
 [ 0  0  8  2]
 [ 0  0  0  4]
 [ 0  0  0  2]]
Right

[[16  4  0  0]
 [ 8  2  0  0]
 [ 4  0  0  0]
 [ 2  0  2  0]]
Left

[[ 0  0 16  4]
 [ 0  0  8  2]
 [ 0  0  0  4]
 [ 0  0  2  4]]
Right

[[16  4  0  0]
 [ 8  2  0  0]
 [ 4  0  0  0]
 [ 2  4  2  0]]
Left

[[ 0  0 16  4]
 [ 0  2  8  2]
 [ 0  0  0  4]
 [ 0  2  4  2]]
Right

[[16  4  0  0]
 [ 2  8  2  0]
 [ 4  0  0  2]
 [ 2  4  2  0]]
Left

[[ 0  0 16  4]
 [ 0  2  8  2]
 [ 2  0  4  2]
 [ 0  2  4  2]]
Right

[[16  4  0  0]
 [ 2  8  2  0]
 [ 2  4  2  0]
 [ 2  4  2  2]]
Left

[[ 2  0 16  4]
 [ 0  2  8  2]
 [ 0  2  4  2]
 [ 0  2  4  4]]
Right

[[ 2 16  4  0]
 [ 2  8  2  2]
 [ 2  4  2  0]
 [ 2  8  0  0]]
Left

[[ 0  2 16  4]
 [ 0  2  8  4]
 [ 0  2  4  2]
 [ 0  2  2  8]]
Right

[[ 2 16  4  2]
 [ 2  8  4  0]
 [ 2  4  2  0]
 [ 4  8  0  0]]
Left

[[ 2 16  4  2]
 [ 0  2  8  4]
 [ 2  2  4  2]
 [ 0  0  4  8]]
Right

[[ 2 16  4  2]
 [ 2  8  4  0]
 [ 4  4  2  0]
 [ 4  8  0  2]]
Left

[[ 2 16  4  2]
 [ 0  2  8  4]
 [ 0  0  8  2]
 [ 4  4  8  2]]
Right

[[ 2 16  4  2]
 [ 2  8  4  0]
 [ 8  2  0  0]
 [ 8  8  2  2]]
Left

[[ 2 16  4  2]
 [ 0  2  8  4]
 [ 0  0  8  2]
 [ 2  0 16  4]]
Right

[[ 2 16  4  2]
 [ 2  8  4  0]
 [ 8  2  0  2]
 [ 2 16  4  0]]
Left

[[ 2 16  4  2]
 [ 0  2  8  4]
 [ 0  4  8  4]
 [ 0  2 16  4]]
Right

[[ 2 16  4  2]
 [ 2  8  4  0]
 [ 4  8  4  0]
 [ 2 16  4  2]]
Left

[[ 4 16  8  4]
 [ 4 16  8  0]
 [ 2 16  4  0]
 [ 0  0  0  0]]
Up

[[ 0  0  0  0]
 [ 0  0  0  4]
 [ 8 16 16  0]
 [ 2 32  4  4]]
Down

[[ 0  0  0  0]
 [ 4  2  0  0]
 [ 8 32  0  0]
 [ 2 32  8  0]]
Left

[[ 4  2  8  0]
 [ 8 64  0  0]
 [ 2  0  0  2]
 [ 0  0  0  0]]
Up

[[ 0  0  0  0]
 [ 4  0  0  0]
 [ 8  2  0  2]
 [ 2 64  8  2]]
Down

[[ 0  0  0  0]
 [ 4  0  0  2]
 [ 8  4  0  0]
 [ 2 64  8  2]]
Left

[[ 0  0  0  0]
 [ 4  2  2  0]
 [ 8  4  0  0]
 [ 2 64  8  2]]
Left

[[ 0  0  0  0]
 [ 4  4  0  0]
 [ 8  4  0  2]
 [ 2 64  8  2]]
Left

[[ 0  0  0  0]
 [ 8  2  0  0]
 [ 8  4  2  0]
 [ 2 64  8  2]]
Left

[[ 2  0  0  0]
 [ 0  0  8  2]
 [ 0  8  4  2]
 [ 2 64  8  2]]
Right

[[ 2  0  0  0]
 [ 8  2  0  0]
 [ 8  4  2  2]
 [ 2 64  8  2]]
Left

[[ 2  0  0  0]
 [ 8  2  0  0]
 [ 8  4  4  2]
 [ 2 64  8  2]]
Left

[[ 2  2  4  4]
 [16  4  8  0]
 [ 2 64  0  2]
 [ 0  0  0  0]]
Up

[[ 0  0  0  2]
 [ 2  2  0  0]
 [16  4  4  4]
 [ 2 64  8  2]]
Down

[[ 2  2  4  2]
 [16  4  8  4]
 [ 2 64  0  2]
 [ 0  0  0  2]]
Up

[[ 4  4  2  0]
 [16  4  8  4]
 [ 2 64  2  0]
 [ 2  0  0  2]]
Left

[[ 8  2  0  0]
 [16  4  8  4]
 [ 2 64  2  0]
 [ 4  0  2  0]]
Left

[[ 8  2  0  0]
 [16  2  0  0]
 [ 2  4  8  0]
 [ 4 64  4  4]]
Down

[[ 0  2  8  2]
 [ 0  0 16  2]
 [ 0  2  4  8]
 [ 0  4 64  8]]
Right

[[ 2  8  2  0]
 [16  2  0  0]
 [ 2  4  8  2]
 [ 4 64  8  0]]
Left

[[ 2  8  0  2]
 [16  2  0  0]
 [ 2  4  2  0]
 [ 4 64 16  2]]
Down

[[ 0  2  8  2]
 [ 0  2 16  2]
 [ 0  2  4  2]
 [ 4 64 16  2]]
Right

[[ 2  8  2  0]
 [ 2 16  2  0]
 [ 2  4  2  2]
 [ 4 64 16  2]]
Left

[[ 2  2  8  2]
 [ 0  2 16  2]
 [ 0  2  4  4]
 [ 4 64 16  2]]
Right

[[ 4  8  2  0]
 [ 2 16  2  0]
 [ 2  8  2  0]
 [ 4 64 16  2]]
Left

[[ 2  4  8  2]
 [ 0  2 16  2]
 [ 0  2  8  2]
 [ 4 64 16  2]]
Right

[[ 2  4  8  2]
 [ 2 16  2  0]
 [ 2  8  2  2]
 [ 4 64 16  2]]
Left

[[ 2  4  8  2]
 [ 2 16  2  2]
 [ 2  8  4  0]
 [ 4 64 16  2]]
Left

[[ 2  4  8  2]
 [ 2 16  4  2]
 [ 2  8  4  0]
 [ 4 64 16  2]]
Left

[[ 2  4  8  2]
 [ 2 16  4  2]
 [ 2  8  4  0]
 [ 4 64 16  2]]
Left

[[ 2  4  8  2]
 [ 2 16  4  2]
 [ 2  8  4  0]
 [ 4 64 16  2]]
Left

[[ 2  4  8  2]
 [ 2 16  4  2]
 [ 2  8  4  0]
 [ 4 64 16  2]]
Left

[[ 2  4  8  2]
 [ 2 16  4  2]
 [ 2  8  4  0]
 [ 4 64 16  2]]
Left


-----


[[0 0 2 0]
 [0 0 0 0]
 [0 0 0 0]
 [4 0 0 0]]
Left

[[2 0 4 0]
 [0 0 0 0]
 [0 0 0 0]
 [4 0 0 0]]
Left

[[2 0 4 0]
 [4 0 0 0]
 [0 0 0 0]
 [0 2 0 0]]
Up

[[2 2 4 4]
 [4 0 0 0]
 [0 0 0 0]
 [0 0 0 0]]
Up

[[0 0 0 0]
 [0 0 0 0]
 [2 0 4 0]
 [4 2 4 4]]
Down

[[2 2 8 4]
 [4 0 0 0]
 [2 0 0 0]
 [0 0 0 0]]
Up

[[0 0 0 0]
 [2 0 0 2]
 [4 0 0 0]
 [2 2 8 4]]
Down

[[0 0 0 0]
 [4 2 0 0]
 [4 0 0 0]
 [4 8 4 0]]
Left

[[0 0 0 0]
 [0 0 4 2]
 [0 0 2 4]
 [0 4 8 4]]
Right

[[0 0 0 0]
 [4 2 2 0]
 [2 4 0 0]
 [4 8 4 0]]
Left

[[0 0 0 0]
 [2 0 4 4]
 [0 0 2 4]
 [0 4 8 4]]
Right

[[0 0 0 0]
 [2 8 2 0]
 [2 4 0 0]
 [4 8 4 0]]
Left

[[0 0 0 2]
 [0 2 8 2]
 [0 0 2 4]
 [0 4 8 4]]
Right

[[2 0 0 0]
 [2 8 2 0]
 [2 4 0 0]
 [4 8 4 2]]
Left

[[0 0 2 2]
 [0 2 8 2]
 [0 0 2 4]
 [4 8 4 2]]
Right

[[4 0 0 0]
 [2 8 2 0]
 [2 4 0 2]
 [4 8 4 2]]
Left

[[0 0 0 4]
 [2 2 8 2]
 [0 2 4 2]
 [4 8 4 2]]
Right

[[4 0 0 0]
 [4 8 2 0]
 [2 4 2 2]
 [4 8 4 2]]
Left

[[4 2 0 0]
 [4 8 2 0]
 [2 4 4 0]
 [4 8 4 2]]
Left

[[0 0 4 2]
 [2 4 8 2]
 [0 0 2 8]
 [4 8 4 2]]
Right

[[4 2 2 0]
 [2 4 8 2]
 [2 8 0 0]
 [4 8 4 2]]
Left

[[0 0 4 4]
 [2 4 8 2]
 [2 0 2 8]
 [4 8 4 2]]
Right

[[8 0 0 0]
 [2 4 8 2]
 [4 8 0 2]
 [4 8 4 2]]
Left

[[0 2 0 8]
 [2 4 8 2]
 [0 4 8 2]
 [4 8 4 2]]
Right

[[2 8 4 0]
 [2 4 8 2]
 [4 8 2 0]
 [4 8 4 2]]
Left

[[0 2 8 4]
 [2 4 8 2]
 [2 4 8 2]
 [4 8 4 2]]
Right

[[0 2 8 4]
 [2 4 8 2]
 [2 4 8 2]
 [4 8 4 2]]
Right

[[0 2 8 4]
 [2 4 8 2]
 [2 4 8 2]
 [4 8 4 2]]
Right

[[0 2 8 4]
 [2 4 8 2]
 [2 4 8 2]
 [4 8 4 2]]
Right

[[0 2 8 4]
 [2 4 8 2]
 [2 4 8 2]
 [4 8 4 2]]
Right


-----


[[0 0 0 0]
 [2 2 0 0]
 [2 0 0 0]
 [0 0 0 0]]
Left

[[4 2 0 0]
 [0 0 0 0]
 [0 0 2 0]
 [0 0 0 0]]
Up

[[4 2 0 2]
 [0 0 0 0]
 [2 0 0 0]
 [0 0 0 0]]
Left

[[4 4 0 0]
 [0 0 0 0]
 [2 0 0 0]
 [2 0 0 0]]
Left

[[4 4 0 0]
 [4 0 0 0]
 [0 0 0 0]
 [0 0 2 0]]
Up

[[8 0 0 0]
 [4 0 0 0]
 [0 0 0 2]
 [2 0 0 0]]
Left

[[8 0 0 0]
 [4 0 0 0]
 [2 0 0 2]
 [2 0 0 0]]
Left

[[0 0 0 0]
 [8 0 0 0]
 [4 0 2 0]
 [4 0 0 2]]
Down

[[0 2 0 0]
 [8 0 0 0]
 [4 2 0 0]
 [4 2 0 0]]
Left

[[0 0 2 2]
 [0 0 0 8]
 [0 0 4 2]
 [0 0 4 2]]
Right

[[4 0 0 0]
 [8 0 0 0]
 [4 2 0 4]
 [4 2 0 0]]
Left

[[0 0 2 4]
 [0 0 0 8]
 [0 4 2 4]
 [0 0 4 2]]
Right

[[2 4 0 0]
 [8 0 0 0]
 [4 2 4 0]
 [4 2 0 2]]
Left

[[0 0 2 4]
 [0 0 2 8]
 [0 4 2 4]
 [0 0 4 4]]
Right

[[2 4 0 0]
 [2 8 0 0]
 [4 2 4 0]
 [8 0 0 2]]
Left

[[2 0 2 4]
 [0 0 2 8]
 [0 4 2 4]
 [0 0 8 2]]
Right

[[4 4 0 0]
 [2 8 2 0]
 [4 2 4 0]
 [8 2 0 0]]
Left

[[0 2 0 8]
 [0 2 8 2]
 [0 4 2 4]
 [0 0 8 2]]
Right

[[2 8 4 0]
 [2 8 2 0]
 [4 2 4 0]
 [8 2 0 0]]
Left

[[0 2 8 4]
 [0 2 8 2]
 [0 4 2 4]
 [4 0 8 2]]
Right

[[2 8 4 0]
 [2 8 2 0]
 [4 2 4 0]
 [4 8 2 2]]
Left

[[0 2 8 4]
 [0 2 8 2]
 [0 4 2 4]
 [2 4 8 4]]
Right

[[ 2  4 16  4]
 [ 0  8  2  2]
 [ 0  0  8  8]
 [ 2  0  0  0]]
Up

[[ 2  4 16  4]
 [ 8  4  0  2]
 [16  0  0  0]
 [ 2  0  0  0]]
Left

[[ 2  0  0  2]
 [ 8  0  0  0]
 [16  0  0  4]
 [ 2  8 16  2]]
Down

[[ 2  8 16  2]
 [ 8  0  2  4]
 [16  0  0  2]
 [ 2  0  0  0]]
Up

[[ 2  8 16  2]
 [ 8  2  4  2]
 [16  2  0  0]
 [ 2  0  0  0]]
Left

[[ 2  0  0  0]
 [ 8  0  0  2]
 [16  8 16  0]
 [ 2  4  4  4]]
Down

[[ 2  8 16  2]
 [ 8  4  4  4]
 [16  2  0  0]
 [ 2  0  0  0]]
Up

[[ 2  0  0  0]
 [ 8  8  2  0]
 [16  4 16  2]
 [ 2  2  4  4]]
Down

[[ 2  8  2  2]
 [ 8  4 16  4]
 [16  2  4  0]
 [ 2  2  0  0]]
Up

[[ 2  0  0  0]
 [ 8  8  2  2]
 [16  4 16  2]
 [ 2  4  4  4]]
Down

[[ 2  8  2  4]
 [ 8  8 16  4]
 [16  0  4  0]
 [ 2  0  2  0]]
Up

[[ 2  2  2  0]
 [ 8  0 16  0]
 [16  0  4  0]
 [ 2 16  2  8]]
Down

[[ 2  2  2  8]
 [ 8 16 16  0]
 [16  0  4  0]
 [ 2  0  2  2]]
Up

[[ 4  2  8  0]
 [ 8 32  0  0]
 [16  4  0  0]
 [ 4  2  2  0]]
Left

[[ 4  2  8  0]
 [ 8 32  2  0]
 [16  4  2  0]
 [ 4  2  0  0]]
Up

[[ 0  4  2  8]
 [ 0  8 32  2]
 [ 0 16  4  2]
 [ 0  2  4  2]]
Right

[[ 4  2  8  0]
 [ 8 32  2  0]
 [16  4  2  2]
 [ 2  4  2  0]]
Left

[[ 4  2  8  2]
 [ 8 32  4  0]
 [16  8  2  0]
 [ 2  4  0  0]]
Up

[[ 4  2  8  2]
 [ 8 32  4  0]
 [16  8  2  0]
 [ 2  4  0  0]]
Up

[[ 4  2  8  2]
 [ 8 32  4  0]
 [16  8  2  0]
 [ 2  4  0  0]]
Up

[[ 4  2  8  2]
 [ 8 32  4  0]
 [16  8  2  0]
 [ 2  4  0  0]]
Up

[[ 4  2  8  2]
 [ 8 32  4  0]
 [16  8  2  0]
 [ 2  4  0  0]]
Up


-----


[[0 0 0 0]
 [0 0 2 0]
 [2 0 0 0]
 [2 0 0 0]]
Left

[[0 0 0 0]
 [2 0 0 0]
 [2 2 0 0]
 [2 0 0 0]]
Left

[[4 2 0 0]
 [2 0 0 0]
 [0 2 0 0]
 [0 0 0 0]]
Up

[[0 0 4 2]
 [0 0 2 2]
 [0 0 0 2]
 [0 0 0 0]]
Right

[[4 2 0 0]
 [4 4 0 0]
 [2 0 0 0]
 [0 0 0 0]]
Left

[[0 0 0 0]
 [0 0 0 0]
 [8 2 0 2]
 [2 4 0 0]]
Down

[[8 2 0 2]
 [2 4 0 0]
 [0 0 2 0]
 [0 0 0 0]]
Up

[[0 0 8 4]
 [0 0 2 4]
 [0 0 0 2]
 [0 0 0 2]]
Right

[[8 4 0 0]
 [2 4 0 2]
 [2 0 0 0]
 [2 0 0 0]]
Left

[[0 0 0 0]
 [8 2 0 0]
 [2 0 0 0]
 [4 8 0 2]]
Down

[[8 2 0 2]
 [2 8 0 0]
 [4 0 0 0]
 [2 0 0 0]]
Up

[[0 0 8 4]
 [0 0 2 8]
 [0 0 0 4]
 [0 0 2 2]]
Right

[[8 4 4 0]
 [2 8 0 0]
 [4 0 0 0]
 [4 0 0 0]]
Left

[[0 0 8 8]
 [0 0 2 8]
 [4 0 0 4]
 [0 0 0 4]]
Right

[[16  0  0  0]
 [ 2  8  0  0]
 [ 8  0  0  0]
 [ 4  0  0  2]]
Left

[[ 0  0  0 16]
 [ 0  0  2  8]
 [ 0  0  2  8]
 [ 0  0  4  2]]
Right

[[16  0  0  0]
 [ 2  8  0  2]
 [ 2  8  0  0]
 [ 4  2  0  0]]
Left

[[ 0  2  0 16]
 [ 0  2  8  2]
 [ 0  0  2  8]
 [ 0  0  4  2]]
Right

[[ 2 16  2  0]
 [ 2  8  2  0]
 [ 2  8  0  0]
 [ 4  2  0  0]]
Left

[[ 0  2 16  2]
 [ 0  2  8  2]
 [ 0  0  2  8]
 [ 2  0  4  2]]
Right

[[ 2 16  2  0]
 [ 2  8  2  0]
 [ 2  8  0  2]
 [ 2  4  2  0]]
Left

[[ 4 16  4  2]
 [ 4 16  2  0]
 [ 0  4  2  0]
 [ 0  0  0  0]]
Up

[[ 4 16  4  2]
 [ 4 16  2  2]
 [ 4  2  0  0]
 [ 0  0  0  0]]
Left

[[ 4 16  4  2]
 [ 4 16  4  0]
 [ 4  2  2  0]
 [ 0  0  0  0]]
Left

[[ 4 16  4  2]
 [ 4 16  4  2]
 [ 4  4  0  0]
 [ 0  0  0  0]]
Left

[[ 4 16  4  2]
 [ 4 16  4  2]
 [ 8  0  0  0]
 [ 2  0  0  0]]
Left

[[ 4 16  4  2]
 [ 4 16  4  2]
 [ 8  0  0  0]
 [ 2  0  0  0]]
Left

[[ 4 16  4  2]
 [ 4 16  4  2]
 [ 8  0  0  0]
 [ 2  0  0  0]]
Left

[[ 4 16  4  2]
 [ 4 16  4  2]
 [ 8  0  0  0]
 [ 2  0  0  0]]
Left

[[ 4 16  4  2]
 [ 4 16  4  2]
 [ 8  0  0  0]
 [ 2  0  0  0]]
Left


-----


[[2 0 0 0]
 [2 0 0 0]
 [0 0 0 0]
 [2 0 0 0]]
Left

[[4 0 0 0]
 [2 0 0 0]
 [0 0 2 0]
 [0 0 0 0]]
Up

[[4 2 0 0]
 [2 0 0 0]
 [2 0 0 0]
 [0 0 0 0]]
Left

[[4 2 0 0]
 [4 0 0 0]
 [0 0 0 0]
 [0 0 2 0]]
Up

[[4 2 2 0]
 [4 0 0 0]
 [0 0 0 0]
 [2 0 0 0]]
Left

[[0 0 2 0]
 [0 0 0 0]
 [8 0 0 0]
 [2 2 2 0]]
Down

[[2 0 0 2]
 [0 0 0 0]
 [8 0 0 0]
 [4 2 0 0]]
Left

[[0 0 0 4]
 [0 0 0 0]
 [0 4 0 8]
 [0 0 4 2]]
Right

[[4 0 0 0]
 [4 0 0 0]
 [4 8 0 0]
 [4 2 0 0]]
Left

[[0 0 0 4]
 [0 0 0 4]
 [2 0 4 8]
 [0 0 4 2]]
Right

[[4 0 0 0]
 [4 0 0 0]
 [2 4 8 2]
 [4 2 0 0]]
Left

[[0 0 4 0]
 [8 0 0 0]
 [2 4 0 0]
 [4 2 8 2]]
Down

[[8 4 4 2]
 [2 2 8 0]
 [4 0 0 0]
 [0 0 0 2]]
Up

[[0 8 8 2]
 [0 0 4 8]
 [0 0 2 4]
 [0 0 0 2]]
Right

[[16  2  0  0]
 [ 4  8  0  0]
 [ 2  4  0  0]
 [ 2  0  2  0]]
Left

[[ 0  0  0  2]
 [16  2  0  0]
 [ 4  8  0  0]
 [ 4  4  2  0]]
Down

[[ 0  0  0  2]
 [ 0  0 16  2]
 [ 0  0  4  8]
 [ 0  2  8  2]]
Right

[[ 2  0  0  0]
 [16  2  0  0]
 [ 4  8  2  0]
 [ 2  8  2  0]]
Left

[[ 0  2  0  2]
 [ 0  0 16  2]
 [ 0  4  8  2]
 [ 0  2  8  2]]
Right

[[ 4  0  0  0]
 [16  2  0  0]
 [ 4  8  2  2]
 [ 2  8  2  0]]
Left

[[ 0  0  0  4]
 [ 2  0 16  2]
 [ 0  4  8  4]
 [ 0  2  8  2]]
Right

[[ 4  4  0  0]
 [ 2 16  2  0]
 [ 4  8  4  0]
 [ 2  8  2  0]]
Left

[[ 2  0  0  8]
 [ 0  2 16  2]
 [ 0  4  8  4]
 [ 0  2  8  2]]
Right

[[ 2  8  0  0]
 [ 2 16  2  0]
 [ 4  8  4  0]
 [ 2  8  2  4]]
Left

[[ 0  0  2  8]
 [ 2  2 16  2]
 [ 0  4  8  4]
 [ 2  8  2  4]]
Right

[[ 2  8  0  2]
 [ 4 16  2  0]
 [ 4  8  4  0]
 [ 2  8  2  4]]
Left

[[ 0  2  8  2]
 [ 0  4 16  2]
 [ 2  4  8  4]
 [ 2  8  2  4]]
Right

[[ 2  8  2  0]
 [ 4 16  2  2]
 [ 2  4  8  4]
 [ 2  8  2  4]]
Left

[[ 2  8  2  2]
 [ 4 16  4  0]
 [ 2  4  8  4]
 [ 2  8  2  4]]
Left

[[ 2  8  2  2]
 [ 4 16  4  8]
 [ 4  4  8  0]
 [ 0  8  2  2]]
Up

[[ 2  8  4  0]
 [ 4 16  4  8]
 [ 8  8  0  0]
 [ 8  4  2  0]]
Left

[[ 0  8  0  0]
 [ 2 16  0  0]
 [ 4  8  8  2]
 [16  4  2  8]]
Down

[[ 2  8  8  2]
 [ 4 16  2  8]
 [16  8  0  0]
 [ 0  4  2  0]]
Up

[[ 0  8  0  0]
 [ 2 16  2  0]
 [ 4  8  8  2]
 [16  4  4  8]]
Down

[[ 0  0  0  8]
 [ 0  2 16  2]
 [ 2  4 16  2]
 [ 0 16  8  8]]
Right

[[ 8  0  0  2]
 [ 2 16  2  0]
 [ 2  4 16  2]
 [16 16  0  0]]
Left

[[ 0  2  8  2]
 [ 0  2 16  2]
 [ 2  4 16  2]
 [ 0  0  0 32]]
Right

[[ 2  8  2  2]
 [ 2 16  2  0]
 [ 2  4 16  2]
 [32  0  0  0]]
Left

[[ 0  2  8  4]
 [ 2  2 16  2]
 [ 2  4 16  2]
 [ 0  0  0 32]]
Right

[[ 4  4  8  4]
 [ 0  4 32  4]
 [ 0  0  2 32]
 [ 0  0  0  0]]
Up

[[ 8  8  4  0]
 [ 4 32  4  0]
 [ 2 32  0  2]
 [ 0  0  0  0]]
Left

[[ 0  0  0  0]
 [ 8  0  0  4]
 [ 4  8  0  0]
 [ 2 64  8  2]]
Down

[[ 0  2  0  0]
 [ 8  4  0  0]
 [ 4  8  0  0]
 [ 2 64  8  2]]
Left

[[ 8  2  8  2]
 [ 4  4  0  2]
 [ 2  8  0  0]
 [ 0 64  0  0]]
Up

[[ 2  2  0  0]
 [ 8  4  0  0]
 [ 4  8  0  0]
 [ 2 64  8  4]]
Down

[[ 2  2  8  4]
 [ 8  4  0  0]
 [ 4  8  0  2]
 [ 2 64  0  0]]
Up

[[ 2  2  0  2]
 [ 8  4  0  0]
 [ 4  8  0  4]
 [ 2 64  8  2]]
Down

[[ 0  0  2  4]
 [ 0  0  8  4]
 [ 2  4  8  4]
 [ 2 64  8  2]]
Right

[[ 4  4  2  8]
 [ 0 64 16  4]
 [ 0  0  8  2]
 [ 0  2  0  0]]
Up

[[ 8  2  8  0]
 [64 16  4  0]
 [ 8  2  0  0]
 [ 2  0  0  2]]
Left

[[ 0  8  2  8]
 [ 0 64 16  4]
 [ 0  2  8  2]
 [ 0  0  0  4]]
Right

[[ 8  2  8  0]
 [64 16  4  0]
 [ 2  8  2  0]
 [ 4  2  0  0]]
Left

[[ 2  8  2  8]
 [ 0 64 16  4]
 [ 0  2  8  2]
 [ 0  0  4  2]]
Right

[[ 2  8  2  8]
 [64 16  4  0]
 [ 2  8  2  0]
 [ 4  2  2  0]]
Left

[[ 2  8  2  8]
 [ 0 64 16  4]
 [ 0  2  8  2]
 [ 0  4  4  4]]
Right

[[ 2  8  2  8]
 [64 16  4  0]
 [ 2  8  2  2]
 [ 8  4  0  0]]
Left

[[ 2  8  2  8]
 [64 16  4  2]
 [ 2  8  2  2]
 [ 8  4  0  0]]
Up

[[ 2  8  2  8]
 [64 16  4  2]
 [ 2  8  4  0]
 [ 8  4  2  0]]
Left

[[ 2  8  2  8]
 [64 16  4  2]
 [ 2  8  4  0]
 [ 8  4  2  0]]
Left

[[ 2  8  2  8]
 [64 16  4  2]
 [ 2  8  4  0]
 [ 8  4  2  0]]
Left

[[ 2  8  2  8]
 [64 16  4  2]
 [ 2  8  4  0]
 [ 8  4  2  0]]
Left

[[ 2  8  2  8]
 [64 16  4  2]
 [ 2  8  4  0]
 [ 8  4  2  0]]
Left


-----


[[4 2 0 0]
 [0 0 0 0]
 [0 0 0 0]
 [0 0 0 0]]
Left

[[4 2 0 0]
 [0 0 0 0]
 [0 0 0 0]
 [0 0 0 0]]
Left

[[4 2 0 0]
 [0 0 0 0]
 [0 0 0 0]
 [0 0 0 0]]
Left

[[4 2 0 0]
 [0 0 0 0]
 [0 0 0 0]
 [0 0 0 0]]
Left

[[4 2 0 0]
 [0 0 0 0]
 [0 0 0 0]
 [0 0 0 0]]
Left


-----


[[2 0 0 0]
 [0 0 0 0]
 [2 0 0 0]
 [0 0 0 2]]
Left

[[2 0 0 0]
 [0 0 0 0]
 [2 0 0 0]
 [2 0 0 2]]
Left

[[4 0 0 2]
 [2 0 0 0]
 [0 0 0 0]
 [2 0 0 0]]
Up

[[4 2 0 0]
 [2 0 0 0]
 [0 2 0 0]
 [2 0 0 0]]
Left

[[0 0 4 2]
 [0 0 0 2]
 [0 0 0 2]
 [2 0 0 2]]
Right

[[4 2 0 0]
 [2 0 2 0]
 [2 0 0 0]
 [4 0 0 0]]
Left

[[0 0 4 2]
 [0 0 0 4]
 [0 0 4 2]
 [0 0 0 4]]
Right

[[4 2 0 0]
 [4 0 0 0]
 [4 2 0 0]
 [4 0 4 0]]
Left

[[0 0 4 2]
 [0 0 0 4]
 [0 2 4 2]
 [0 0 0 8]]
Right

[[4 2 0 0]
 [4 0 0 0]
 [2 4 2 0]
 [8 2 0 0]]
Left

[[0 2 4 2]
 [0 0 0 4]
 [0 2 4 2]
 [0 0 8 2]]
Right

[[2 4 2 0]
 [4 0 0 0]
 [2 4 2 2]
 [8 2 0 0]]
Left

[[0 2 4 2]
 [0 0 0 4]
 [0 2 4 4]
 [2 0 8 2]]
Right

[[2 4 2 0]
 [4 0 0 0]
 [2 8 0 2]
 [2 8 2 0]]
Left

[[2 4 2 0]
 [4 0 0 0]
 [2 8 2 4]
 [2 8 2 0]]
Left

[[ 2  4  4  4]
 [ 4 16  2  0]
 [ 4  2  0  0]
 [ 0  0  0  0]]
Up

[[ 0  2  4  8]
 [ 0  4 16  2]
 [ 0  0  4  2]
 [ 0  0  2  0]]
Right

[[ 2  4  8  0]
 [ 4 16  2  0]
 [ 4  2  0  0]
 [ 2  2  0  0]]
Left

[[ 0  2  4  8]
 [ 0  4 16  2]
 [ 0  0  4  2]
 [ 0  0  2  4]]
Right

[[ 2  4  8  0]
 [ 4 16  2  0]
 [ 4  2  0  0]
 [ 2  4  0  2]]
Left

[[ 0  2  4  8]
 [ 0  4 16  2]
 [ 0  0  4  2]
 [ 2  2  4  2]]
Right

[[ 2  4  8  0]
 [ 4 16  2  2]
 [ 4  2  0  0]
 [ 4  4  2  0]]
Left

[[ 2  4  8  0]
 [ 4 16  4  0]
 [ 4  2  0  0]
 [ 8  2  2  0]]
Left

[[ 2  0  0  0]
 [ 2  4  8  0]
 [ 8 16  4  0]
 [ 8  4  2  0]]
Down

[[ 4  4  8  0]
 [16 16  4  0]
 [ 0  4  2  2]
 [ 0  0  0  0]]
Up

[[ 8  8  0  2]
 [32  4  0  0]
 [ 4  4  0  0]
 [ 0  0  0  0]]
Left

[[ 0  0  0  0]
 [ 8  0  0  0]
 [32  8  2  0]
 [ 4  8  0  2]]
Down

[[ 0  0  0  2]
 [ 8  0  0  0]
 [32  8  2  0]
 [ 4  8  2  0]]
Left

[[ 2  0  0  2]
 [ 8  0  0  0]
 [32  8  2  0]
 [ 4  8  2  0]]
Left

[[ 4  0  2  0]
 [ 8  0  0  0]
 [32  8  2  0]
 [ 4  8  2  0]]
Left

[[ 4  2  0  0]
 [ 8  0  0  0]
 [32  8  2  0]
 [ 4  8  2  2]]
Left

[[ 4  2  2  0]
 [ 8  0  0  0]
 [32  8  2  0]
 [ 4  8  4  0]]
Left

[[ 0  0  4  4]
 [ 2  0  0  8]
 [ 0 32  8  2]
 [ 0  4  8  4]]
Right

[[ 8  0  0  2]
 [ 2  8  0  0]
 [32  8  2  0]
 [ 4  8  4  0]]
Left

[[ 2  0  8  2]
 [ 0  0  2  8]
 [ 0 32  8  2]
 [ 0  4  8  4]]
Right

[[ 2  8  2  0]
 [ 2  8  4  0]
 [32  8  2  0]
 [ 4  8  4  0]]
Left

[[ 0  2  8  2]
 [ 4  2  8  4]
 [ 0 32  8  2]
 [ 0  4  8  4]]
Right

[[ 2  8  2  0]
 [ 4  2  8  4]
 [32  8  2  0]
 [ 4  8  4  2]]
Left

[[ 2  2  2  0]
 [ 4  8  8  0]
 [32  2  2  4]
 [ 4 16  4  2]]
Down

[[ 0  0  2  4]
 [ 2  0  4 16]
 [ 0 32  4  4]
 [ 4 16  4  2]]
Right

[[ 2 32  2  4]
 [ 4 16  8 16]
 [ 2  0  4  4]
 [ 0  0  0  2]]
Up

[[ 2 32  2  4]
 [ 4 16  8 16]
 [ 2  8  0  0]
 [ 2  2  0  0]]
Left

[[ 0 32  0  0]
 [ 2 16  2  0]
 [ 4  8  2  4]
 [ 4  2  8 16]]
Down

[[ 0  0  2 32]
 [ 0  2 16  2]
 [ 4  8  2  4]
 [ 4  2  8 16]]
Right

[[ 2 32  0  0]
 [ 2 16  2  2]
 [ 4  8  2  4]
 [ 4  2  8 16]]
Left

[[ 0  0  2 32]
 [ 2  2 16  4]
 [ 4  8  2  4]
 [ 4  2  8 16]]
Right

[[ 0  0  2 32]
 [ 2  4 16  4]
 [ 4  8  2  4]
 [ 4  2  8 16]]
Right

[[ 0  0  2 32]
 [ 2  4 16  4]
 [ 4  8  2  4]
 [ 4  2  8 16]]
Right

[[ 0  0  2 32]
 [ 2  4 16  4]
 [ 4  8  2  4]
 [ 4  2  8 16]]
Right

[[ 0  0  2 32]
 [ 2  4 16  4]
 [ 4  8  2  4]
 [ 4  2  8 16]]
Right

[[ 0  0  2 32]
 [ 2  4 16  4]
 [ 4  8  2  4]
 [ 4  2  8 16]]
Right


-----


[[0 0 0 0]
 [2 0 0 2]
 [0 0 0 0]
 [2 0 0 0]]
Left

[[0 0 0 0]
 [4 2 0 0]
 [0 0 0 0]
 [2 0 0 0]]
Left

[[4 2 0 0]
 [2 0 0 2]
 [0 0 0 0]
 [0 0 0 0]]
Up

[[4 2 0 0]
 [4 0 0 0]
 [0 0 2 0]
 [0 0 0 0]]
Left

[[4 2 0 0]
 [4 4 0 0]
 [2 0 0 0]
 [0 0 0 0]]
Left

[[0 0 0 0]
 [0 0 0 0]
 [8 2 0 0]
 [2 4 0 2]]
Down

[[8 2 0 2]
 [2 4 0 0]
 [2 0 0 0]
 [0 0 0 0]]
Up

[[0 0 8 4]
 [0 0 2 4]
 [0 0 2 2]
 [0 0 0 0]]
Right

[[8 4 0 0]
 [2 4 0 0]
 [4 0 0 0]
 [0 0 2 0]]
Left

[[0 0 8 4]
 [0 0 2 4]
 [2 0 0 4]
 [0 0 0 2]]
Right

[[8 4 0 0]
 [2 4 0 2]
 [2 4 0 0]
 [2 0 0 0]]
Left

[[0 0 0 0]
 [8 0 0 0]
 [2 4 0 0]
 [4 8 2 2]]
Down

[[8 4 2 2]
 [2 8 0 0]
 [4 0 0 2]
 [0 0 0 0]]
Up

[[0 8 4 4]
 [0 0 2 8]
 [0 0 4 2]
 [0 2 0 0]]
Right

[[8 8 0 0]
 [2 8 0 0]
 [4 2 2 0]
 [2 0 0 0]]
Left

[[ 0  0  0 16]
 [ 0  0  2  8]
 [ 2  0  4  4]
 [ 0  0  0  2]]
Right

[[16  0  0  0]
 [ 2  8  0  0]
 [ 2  8  0  0]
 [ 2  0  4  0]]
Left

[[16 16  4  0]
 [ 4  0  0  0]
 [ 2  2  0  0]
 [ 0  0  0  0]]
Up

[[ 0  0  2  0]
 [16  0  0  0]
 [ 4 16  0  0]
 [ 2  2  4  0]]
Down

[[ 0  2  0  2]
 [ 0  0  0 16]
 [ 0  0  4 16]
 [ 0  0  4  4]]
Right

[[ 4  0  0  0]
 [16  0  0  0]
 [ 4 16  0  0]
 [ 8  2  0  0]]
Left

[[ 0  0  0  4]
 [ 0  0  2 16]
 [ 0  0  4 16]
 [ 0  0  8  2]]
Right

[[ 4  0  2  0]
 [ 2 16  0  0]
 [ 4 16  0  0]
 [ 8  2  0  0]]
Left

[[ 0  0  4  2]
 [ 0  0  2 16]
 [ 0  0  4 16]
 [ 2  0  8  2]]
Right

[[ 4  2  0  0]
 [ 2 16  2  0]
 [ 4 16  0  0]
 [ 2  8  2  0]]
Left

[[ 2  0  4  2]
 [ 0  2 16  2]
 [ 0  0  4 16]
 [ 0  2  8  2]]
Right

[[ 2  4  2  0]
 [ 2 16  2  0]
 [ 4 16  0  0]
 [ 2  8  2  2]]
Left

[[ 0  2  4  2]
 [ 0  2 16  2]
 [ 2  0  4 16]
 [ 0  2  8  4]]
Right

[[ 2  4  2  0]
 [ 2 16  2  0]
 [ 2  4 16  0]
 [ 2  8  4  2]]
Left

[[ 0  2  4  2]
 [ 2  2 16  2]
 [ 0  2  4 16]
 [ 2  8  4  2]]
Right

[[ 0  2  4  2]
 [ 0  4 16  2]
 [ 2  2  4 16]
 [ 2  8  4  2]]
Right

[[ 2  4  2  0]
 [ 4 16  2  0]
 [ 4  4 16  2]
 [ 2  8  4  2]]
Left

[[ 2  2  4  2]
 [ 0  4 16  2]
 [ 0  8 16  2]
 [ 2  8  4  2]]
Right

[[ 4  4  2  0]
 [ 4 16  2  2]
 [ 8 16  2  0]
 [ 2  8  4  2]]
Left

[[ 8  2  0  2]
 [ 4 16  4  0]
 [ 8 16  2  0]
 [ 2  8  4  2]]
Left

[[ 2  0  8  4]
 [ 0  4 16  4]
 [ 0  8 16  2]
 [ 2  8  4  2]]
Right

[[ 4  4  8  8]
 [ 0 16 32  4]
 [ 0  0  4  0]
 [ 2  0  0  0]]
Up

[[ 8 16  2  0]
 [16 32  4  0]
 [ 4  0  0  0]
 [ 2  0  0  0]]
Left

[[ 8  0  0  2]
 [16  0  0  0]
 [ 4 16  2  0]
 [ 2 32  4  0]]
Down

[[ 0  0  8  2]
 [ 0  0  4 16]
 [ 0  4 16  2]
 [ 0  2 32  4]]
Right

[[ 8  2  0  0]
 [ 4 16  0  0]
 [ 4 16  2  0]
 [ 2 32  4  2]]
Left

[[ 2  0  8  2]
 [ 0  0  4 16]
 [ 0  4 16  2]
 [ 2 32  4  2]]
Right

[[ 2  8  2  2]
 [ 4 16  0  0]
 [ 4 16  2  0]
 [ 2 32  4  2]]
Left

[[ 0  2  8  4]
 [ 0  2  4 16]
 [ 0  4 16  2]
 [ 2 32  4  2]]
Right

[[ 2  8  4  0]
 [ 2  4 16  2]
 [ 4 16  2  0]
 [ 2 32  4  2]]
Left

[[ 0  2  8  4]
 [ 2  4 16  2]
 [ 2  4 16  2]
 [ 2 32  4  2]]
Right

[[ 4  2  8  4]
 [ 2  8 32  4]
 [ 0 32  4  2]
 [ 0  4  0  0]]
Up

[[ 4  2  8  4]
 [ 2  8 32  4]
 [32  4  2  0]
 [ 4  0  2  0]]
Left

[[ 4  2  8  4]
 [ 2  8 32  4]
 [ 0 32  4  2]
 [ 2  0  4  2]]
Right

[[ 4  2  8  4]
 [ 2  8 32  4]
 [32  4  2  2]
 [ 2  4  2  0]]
Left

[[ 4  2  8  4]
 [ 2  8 32  4]
 [32  4  4  0]
 [ 2  4  2  2]]
Left

[[ 4  2  8  8]
 [ 2  8 32  2]
 [32  8  4  0]
 [ 2  2  2  0]]
Up

[[ 4  2 16  0]
 [ 2  8 32  2]
 [32  8  4  2]
 [ 4  2  0  0]]
Left

[[ 4  2 16  0]
 [ 2  8 32  2]
 [32  8  4  2]
 [ 4  2  0  0]]
Left

[[ 4  2 16  0]
 [ 2  8 32  2]
 [32  8  4  2]
 [ 4  2  0  0]]
Left

[[ 4  2 16  0]
 [ 2  8 32  2]
 [32  8  4  2]
 [ 4  2  0  0]]
Left

[[ 4  2 16  0]
 [ 2  8 32  2]
 [32  8  4  2]
 [ 4  2  0  0]]
Left


-----


